 Number of boundary curves =            2
 Outer Boundary,         168
   0.0000000000000000        0.0000000000000000       -7.0000000000000000        3.5783226806409369E-004   5.3674840209616548E-003  -6.9892650319580767        2.2922522814492825E-016   9.9681972839635706E-010
   3.5783226806409369E-004   5.3674840209616548E-003  -6.9892650319580767        7.1012665452003447E-004   1.0651899817800681E-002  -6.9786962003643982        1.9840142991570966E-016   1.0195210509458863E-009
   7.1012665452003447E-004   1.0651899817800681E-002  -6.9786962003643982        1.0518199702803555E-003   1.5777299554205482E-002  -6.9684454008915893        2.5888661064732868E-016   7.2610935102475838E-010
   1.0518199702803555E-003   1.5777299554205482E-002  -6.9684454008915893        1.3819617354351367E-003   2.0729426031527165E-002  -6.9585411479369457        7.3232109936960866E-017   8.3688186000779113E-010
   1.3819617354351367E-003   2.0729426031527165E-002  -6.9585411479369457        1.7030529423297136E-003   2.5545794134945732E-002  -6.9489084117301090        2.3553342747085965E-016   1.1552247025821486E-009
   1.7030529423297136E-003   2.5545794134945732E-002  -6.9489084117301090        2.0200058247645579E-003   3.0300087371468165E-002  -6.9393998252570634        2.0429755419959977E-016   1.1645153607223266E-009
   2.0200058247645579E-003   3.0300087371468165E-002  -6.9393998252570634        2.3387157802669785E-003   3.5080736704004578E-002  -6.9298385265919906        2.0626303913493663E-016   1.0717640142737125E-009
   2.3387157802669785E-003   3.5080736704004578E-002  -6.9298385265919906        2.6649565547751317E-003   3.9974348321626940E-002  -6.9200513033567459        2.0130440791424255E-016   1.2288782165732473E-009
   2.6649565547751317E-003   3.9974348321626940E-002  -6.9200513033567459        3.0039805064166376E-003   4.5059707596249443E-002  -6.9098805848075013        2.1111186753651312E-016   7.5221587488067717E-010
   3.0039805064166376E-003   4.5059707596249443E-002  -6.9098805848075013        3.3607672005603168E-003   5.0411508008404993E-002  -6.8991769839831898        3.0176105752732708E-016   1.2461896725312043E-009
   3.3607672005603168E-003   5.0411508008404993E-002  -6.8991769839831898        3.7405521911738431E-003   5.6108282867607384E-002  -6.8877834342647848        2.9301828569709034E-016   1.0675245423759489E-009
   3.7405521911738431E-003   5.6108282867607384E-002  -6.8877834342647848        4.1492000639775217E-003   6.2238000959662920E-002  -6.8755239980806744        2.8325902148680684E-016   1.0317764325061200E-009
   4.1492000639775217E-003   6.2238000959662920E-002  -6.8755239980806744        4.5931533631482285E-003   6.8897300447223198E-002  -6.8622053991055534        1.3241259369068544E-016   7.5701018513127372E-010
   4.5931533631482285E-003   6.8897300447223198E-002  -6.8622053991055534        5.0789937501142411E-003   7.6184906251713369E-002  -6.8476301874965735        2.0643503053357047E-016   7.6064905840305173E-010
   5.0789937501142411E-003   7.6184906251713369E-002  -6.8476301874965735        5.6129354670151092E-003   8.4194032005226460E-002  -6.8316119359895469        1.9388362776402797E-016   9.9637168437874776E-010
   5.6129354670151092E-003   8.4194032005226460E-002  -6.8316119359895469        6.2006620371114251E-003   9.3009930556671172E-002  -6.8139801388866577        2.7757562314479125E-016   7.5361134266794608E-010
   6.2006620371114251E-003   9.3009930556671172E-002  -6.8139801388866577        6.8477236940458902E-003  0.10271585541068828       -6.7945682891786232        2.9397602838501883E-016   9.9604342651690290E-010
   6.8477236940458902E-003  0.10271585541068828       -6.7945682891786232        7.5603227944831247E-003  0.11340484191724676       -6.7731903161655067        2.3340232444683543E-016   1.3178786061770179E-009
   7.5603227944831247E-003  0.11340484191724676       -6.7731903161655067        8.3459881089998945E-003  0.12518982163499837       -6.7496203567300030        2.0278224487535931E-016   1.1068042317088544E-009
   8.3459881089998945E-003  0.12518982163499837       -6.7496203567300030        9.2136483089506824E-003  0.13820472463426048       -6.7235905507314788        1.6074507524628289E-016   1.1559065517906524E-009
   9.2136483089506824E-003  0.13820472463426048       -6.7235905507314788        1.0173021743996043E-002  0.15259532615994054       -6.6948093476801187        1.3519428621332120E-016   1.1508702570305507E-009
   1.0173021743996043E-002  0.15259532615994054       -6.6948093476801187        1.1233794489677852E-002  0.16850691734516754       -6.6629861653096647        1.5966752996299936E-016   1.0485736458153468E-009
   1.1233794489677852E-002  0.16850691734516754       -6.6629861653096647        1.2405335163661265E-002  0.18608002745491903       -6.6278399450901624        1.2769592002347515E-016   1.1933151460700015E-009
   1.2405335163661265E-002  0.18608002745491903       -6.6278399450901624        1.3697402895052018E-002  0.20546104342578031       -6.5890779131484392        1.8975788822690866E-016   8.9966372525456837E-010
   1.3697402895052018E-002  0.20546104342578031       -6.5890779131484392        1.5121566824935678E-002  0.22682350237403504       -6.5463529952519295        9.2455800808472734E-017   9.7462546368876915E-010
   1.5121566824935678E-002  0.22682350237403504       -6.5463529952519295        1.6692397795435788E-002  0.25038596693153670       -6.4992280661369266        1.9277177359697967E-016   1.1934204325270356E-009
   1.6692397795435788E-002  0.25038596693153670       -6.4992280661369266        1.8427486476904904E-002  0.27641229715357374       -6.4471754056928523        2.5274848089203685E-016   8.9790325058107036E-010
   1.8427486476904904E-002  0.27641229715357374       -6.4471754056928523        2.0346132031269087E-002  0.30519198046903617       -6.3896160390619272        1.3220008608975542E-016   5.7585979928122601E-010
   2.0346132031269087E-002  0.30519198046903617       -6.3896160390619272        2.2467641513339794E-002  0.33701462270009697       -6.3259707545998065        9.0429464745999861E-017   5.7561235262486852E-010
   2.2467641513339794E-002  0.33701462270009697       -6.3259707545998065        2.4810729037051601E-002  0.37216093555577423       -6.2556781288884515        1.6671161314813961E-016   1.2865084236064803E-009
   2.4810729037051601E-002  0.37216093555577423       -6.2556781288884515        2.7394921306981984E-002  0.41092381960472990       -6.1781523607905404        1.5430201129458548E-016   8.8532154354632143E-010
   2.7394921306981984E-002  0.41092381960472990       -6.1781523607905404        3.0243405344255757E-002  0.45365108016383604       -6.0926978396723275        1.2126309096592456E-016   8.8578852327876923E-010
   3.0243405344255757E-002  0.45365108016383604       -6.0926978396723275        3.3385446864550312E-002  0.50078170296825486       -5.9984365940634898        2.2355033123620346E-016   8.9957016299542171E-010
   3.3385446864550312E-002  0.50078170296825486       -5.9984365940634898        3.6856506833400769E-002  0.55284760250101150       -5.8943047949979768        1.4563310138350016E-016   1.0165690167772546E-009
   3.6856506833400769E-002  0.55284760250101150       -5.8943047949979768        4.0695780316040320E-002  0.61043670474060452       -5.7791265905187910        1.4358157493117085E-016   1.0570603555278127E-009
   4.0695780316040320E-002  0.61043670474060452       -5.7791265905187910        4.4943094182853340E-002  0.67414641274279985       -5.6517071745144003        1.6808717704228128E-016   6.4309963553039690E-010
   4.4943094182853340E-002  0.67414641274279985       -5.6517071745144003        4.9638210521273290E-002  0.74457315781909950       -5.5108536843618010        1.8132747961006844E-016   1.2850386520780670E-009
   4.9638210521273290E-002  0.74457315781909950       -5.5108536843618010        5.4824391764322744E-002  0.82236587646484116       -5.3552682470703177        2.4503666848830919E-016   9.4410446384112432E-010
   5.4824391764322744E-002  0.82236587646484116       -5.3552682470703177        6.0555014094989423E-002  0.90832521142484135       -5.1833495771503175        2.0499326309555156E-016   1.1219020015603656E-009
   6.0555014094989423E-002  0.90832521142484135       -5.1833495771503175        6.6899076164530086E-002   1.0034861424679513       -4.9930277150640974        2.2449384021300578E-016   7.9998710216134400E-010
   6.6899076164530086E-002   1.0034861424679513       -4.9930277150640974        7.3940844421991225E-002   1.1091126663298683       -4.7817746673402635        1.8746657519424094E-016   1.2848583775014878E-009
   7.3940844421991225E-002   1.1091126663298683       -4.7817746673402635        8.1771242399629643E-002   1.2265686359944450       -4.5468627280111100        1.0974603613969306E-016   1.2288163817624286E-009
   8.1771242399629643E-002   1.2265686359944450       -4.5468627280111100        9.0472357578099863E-002   1.3570853636714979       -4.2858292726570042        1.8320321283291147E-016   6.4294653644587284E-010
   9.0472357578099863E-002   1.3570853636714979       -4.2858292726570042       0.10009902158974625        1.5014853238461934       -3.9970293523076132        2.2354181942427013E-016   7.9985885155590679E-010
  0.10009902158974625        1.5014853238461934       -3.9970293523076132       0.11066146170950331        1.6599219256425495       -3.6801561487149010        9.0093191568677255E-017   6.4313087362899952E-010
  0.11066146170950331        1.6599219256425495       -3.6801561487149010       0.12211167948360155        1.8316751922540231       -3.3366496154919538        1.9838381255764183E-016   6.4286086271950557E-010
  0.12211167948360155        1.8316751922540231       -3.3366496154919538       0.13433587007907385        2.0150380511861075       -2.9699238976277851        1.1806209378655513E-016   6.4293127834422159E-010
  0.13433587007907385        2.0150380511861075       -2.9699238976277851       0.14715650181298914        2.2073475271948375       -2.5853049456103250        6.4723861839592658E-017   9.9001407992468681E-010
  0.14715650181298914        2.2073475271948375       -2.5853049456103250       0.16034819921325902        2.4052229881988851       -2.1895540236022297        1.3625220018206125E-016   1.3356089740012216E-009
  0.16034819921325902        2.4052229881988851       -2.1895540236022297       0.17366825208482498        2.6050237812723749       -1.7899524374552502        1.4451610375796877E-016   1.3832825502100242E-009
  0.17366825208482498        2.6050237812723749       -1.7899524374552502       0.18689571389178095        2.8034357083767141       -1.3931285832465718        1.0863831136488859E-016   1.2859684103518570E-009
  0.18689571389178095        2.8034357083767141       -1.3931285832465718       0.19986720173950423        2.9980080260925632       -1.0039839478148735        2.1707199487650114E-016   1.2859655683567269E-009
  0.19986720173950423        2.9980080260925632       -1.0039839478148735       0.21249762562121971        3.1874643843182957      -0.62507123136340859        6.5311629710800656E-017   1.2860127744515162E-009
  0.21249762562121971        3.1874643843182957      -0.62507123136340859       0.22478077158738269        3.3717115738107406      -0.25657685237851879        1.9186961751232291E-016   1.2859859791266678E-009
  0.22478077158738269        3.3717115738107406      -0.25657685237851879       0.23677346872764593        3.5516020309146890       0.10320406182937791        1.2560468239431555E-016   1.2859853104511311E-009
  0.23677346872764593        3.5516020309146890       0.10320406182937791       0.24857229652657375        3.7285844478986063       0.45716889579721265        2.1101173624138868E-016   1.2858815003002080E-009
  0.24857229652657375        3.7285844478986063       0.45716889579721265       0.26029102147049232        3.9043653220573846       0.80873064411476925        1.1153417643958580E-016   1.2859834201961351E-009
  0.26029102147049232        3.9043653220573846       0.80873064411476925       0.27204220973918908        4.0806331460878367        1.1612662921756733        1.7490713645334291E-016   1.2859216188787023E-009
  0.27204220973918908        4.0806331460878367        1.1612662921756733       0.28392191967475949        4.2588287951213921        1.5176575902427842        1.5535933302605628E-016   1.6694931499619430E-009
  0.28392191967475949        4.2588287951213921        1.5176575902427842       0.29599524365524876        4.4399286548287318        1.8798573096574636        1.3917386875200198E-016   2.1791934022492017E-009
  0.29599524365524876        4.4399286548287318        1.8798573096574636       0.30828315071099144        4.6242472606648715        2.2484945213297429        1.5156901501665206E-016   2.2744828196336867E-009
  0.30828315071099144        4.6242472606648715        2.2484945213297429       0.32075509189140428        4.8113263783710645        2.6226527567421289        2.9316591145817145E-016   2.6712115006371590E-009
  0.32075509189140428        4.8113263783710645        2.6226527567421289       0.33333333333333331        5.0000000000000000        3.0000000000000000        1.3909786350875650E-016   1.9799468356201890E-009
  0.33333333333333331        5.0000000000000000        3.0000000000000000       0.34342930912090397        4.9773821580193172        3.4750440537791878        3.5802888821589075E-013   1.7214707941068809E-009
  0.34342930912090397        4.9773821580193172        3.4750440537791878       0.35341920963098911        4.9106763456311855        3.9408814104117198        3.3606011556207172E-013   1.2332807944930194E-009
  0.35341920963098911        4.9106763456311855        3.9408814104117198       0.36319086313483973        4.8033371758724739        4.3885071029279761        2.9435434153281001E-013   1.4261012474929174E-009
  0.36319086313483973        4.8033371758724739        4.3885071029279761       0.37268528573055437        4.6600376291482553        4.8121946073538311        2.4759551104724235E-013   1.5580992710486937E-009
  0.37268528573055437        4.6600376291482553        4.8121946073538311       0.38188917042565007        4.4855151403107127        5.2091070426856572        2.0546187368017226E-013   1.1915237626919528E-009
  0.38188917042565007        4.4855151403107127        5.2091070426856572       0.39082933404992748        4.2836847972162593        5.5787680310757484        1.7269482453977888E-013   2.1275612508805694E-009
  0.39082933404992748        4.2836847972162593        5.5787680310757484       0.39955992113525690        4.0572397677839209        5.9221234516550929        1.4974688631924841E-013   1.5897922996032995E-009
  0.39955992113525690        4.0572397677839209        5.9221234516550929       0.40814847960083572        3.8076814144600579        6.2406114000255339        1.3574918448913778E-013   1.8257102922789843E-009
  0.40814847960083572        3.8076814144600579        6.2406114000255339       0.41666608621818407        3.5355532473647822        6.5355145643948838        1.2918919393185495E-013   1.3039588792236123E-009
  0.41666608621818407        3.5355532473647822        6.5355145643948838       0.42518346503588966        3.2406612352808359        6.8076390005025536        1.2916560761334588E-013   1.1075124728646103E-009
  0.42518346503588966        3.2406612352808359        6.8076390005025536       0.43377130976151512        2.9222038452783661        7.0571818651177480        1.3564597713272916E-013   9.8488472059331096E-010
  0.43377130976151512        2.9222038452783661        7.0571818651177480       0.44250062716705674        2.5789041714783512        7.2836028380711904        1.4964295393894233E-013   8.6065480015511094E-010
  0.44250062716705674        2.5789041714783512        7.2836028380711904       0.45143892162766264        2.2093286150205445        7.4854060095883632        1.7234165186989074E-013   1.7499651220458299E-009
  0.45143892162766264        2.2093286150205445        7.4854060095883632       0.46064043438738000        1.8125289737380421        7.6599075869978499        2.0530176685464553E-013   1.0414048862193596E-009
  0.46064043438738000        1.8125289737380421        7.6599075869978499       0.47013236730412183        1.3889644585644156        7.8032049438728777        2.4722329968251741E-013   1.0519597705159836E-009
  0.47013236730412183        1.3889644585644156        7.8032049438728777       0.47990222913096720       0.94143190945763044        7.9105708384927063        2.9409491155607385E-013   1.1977842911508500E-009
  0.47990222913096720       0.94143190945763044        7.9105708384927063       0.48989237175792355       0.47559067596341587        7.9773299578123877        3.3605382105445678E-013   1.7292370077116531E-009
  0.48989237175792355       0.47559067596341587        7.9773299578123877       0.50000578813363095       -2.7275937125689303E-004   7.9999999925602321        3.6195320575294333E-013   1.4312845971775333E-009
  0.50000578813363095       -2.7275937125689303E-004   7.9999999925602321       0.51012324899415340      -0.47632344387456638        7.9772598864049158        3.6269141823594027E-013   1.3979828662378791E-009
  0.51012324899415340      -0.47632344387456638        7.9772598864049158       0.52012774048504329      -0.94281889687632847        7.9103047285981045        3.3910449240057828E-013   1.9262669822513462E-009
  0.52012774048504329      -0.94281889687632847        7.9103047285981045       0.52992966149124809       -1.3917722112816044        7.8023921239216101        2.9984687459256871E-013   2.0854728761247877E-009
  0.52992966149124809       -1.3917722112816044        7.8023921239216101       0.53948623125260087       -1.8180906577132938        7.6577404779931273        2.5761381528603157E-013   1.6986063568195546E-009
  0.53948623125260087       -1.8180906577132938        7.6577404779931273       0.54881091905361690       -2.2198842342584535        7.4801912890512563        2.2229617436232451E-013   1.7431424800309770E-009
  0.54881091905361690       -2.2198842342584535        7.4801912890512563       0.55797232988367240       -2.5979727123064249        7.2720648152984753        1.9976168502534951E-013   2.1253605181947433E-009
  0.55797232988367240       -2.5979727123064249        7.2720648152984753       0.56708503516654463       -2.9548532659774818        7.0334652814350855        1.9352880279134559E-013   2.4238456398120059E-009
  0.56708503516654463       -2.9548532659774818        7.0334652814350855       0.57629568961208988       -3.2934257895091950        6.7620933759006743        2.0647091165439362E-013   3.1670373116733112E-009
  0.57629568961208988       -3.2934257895091950        6.7620933759006743       0.58576627601428632       -3.6156669784570954        6.4535419935039071        2.4405942504250821E-013   3.0010661361331701E-009
  0.58576627601428632       -3.6156669784570954        6.4535419935039071       0.59565428243286722       -3.9213554144341596        6.1020915063369596        3.1601937926376138E-013   2.3310839365759301E-009
  0.59565428243286722       -3.9213554144341596        6.1020915063369596       0.60608953370317620       -4.2070045002128227        5.7020572042777076        4.3662430581404353E-013   2.4809022972429908E-009
  0.60608953370317620       -4.2070045002128227        5.7020572042777076       0.61715011296508804       -4.4653290933726772        5.2496302113635362        6.1910457306883849E-013   2.5575438705440238E-009
  0.61715011296508804       -4.4653290933726772        5.2496302113635362       0.62884324893708832       -4.6856598288517386        4.7448759177331503        8.6426912910210368E-013   3.1193138890925583E-009
  0.62884324893708832       -4.6856598288517386        4.7448759177331503       0.64109771821713069       -4.8555208163759929        4.1932801857650217        1.1451482103278110E-012   3.2712867691070086E-009
  0.64109771821713069       -4.8555208163759929        4.1932801857650217       0.65377070983090946       -4.9631145819171660        3.6062125425634095        1.4007404105234705E-012   3.1221099349380871E-009
  0.65377070983090946       -4.9631145819171660        3.6062125425634095       0.66666666666666663       -5.0000000000000000        3.0000000000000000        1.5551144358403663E-012   2.6748053954516332E-009
  0.66666666666666663       -5.0000000000000000        3.0000000000000000       0.67194786456249622       -4.4676153411979804        2.7309750973646412        8.8704289177292977E-016   4.4740591292695217E-010
  0.67194786456249622       -4.4676153411979804        2.7309750973646412       0.67725713371505114       -3.9896890171173016        2.4852283712560492        6.5110134815802421E-016   7.3834105059463055E-010
  0.67725713371505114       -3.9896890171173016        2.4852283712560492       0.68262614571337765       -3.5624262915953713        2.2607238846222653        7.7001220163568264E-016   4.7250194238531553E-010
  0.68262614571337765       -3.5624262915953713        2.2607238846222653       0.68807383437739444       -3.1840393141404073        2.0563731177274165        5.5827095361139785E-016   5.5503608028601268E-010
  0.68807383437739444       -3.1840393141404073        2.0563731177274165       0.69360314477788010       -2.8542036826790556        1.8718222586084803        6.0012394485654629E-016   4.1764005352162559E-010
  0.69360314477788010       -2.8542036826790556        1.8718222586084803       0.69919619868604044       -2.5734658304480762        1.7072393948161804        6.4396894457899951E-016   4.8126846570836648E-010
  0.69919619868604044       -2.5734658304480762        1.7072393948161804       0.70481559704226182       -2.3422513543546315        1.5628936598985763        3.8136401436491606E-016   9.8670626404874189E-010
  0.70481559704226182       -2.3422513543546315        1.5628936598985763       0.71041375122038919       -2.1598512295370393        1.4386679155230269        3.5593933494779702E-016   9.1623779972116223E-010
  0.71041375122038919       -2.1598512295370393        1.4386679155230269       0.71594793723624117       -2.0238926954061789        1.3337277485815477        2.7102520553120549E-016   1.0305764668475019E-009
  0.71594793723624117       -2.0238926954061789        1.3337277485815477       0.72139565491160984       -1.9305616200577900        1.2464909611860115        4.2246591399342023E-016   1.3409764353009910E-009
  0.72139565491160984       -1.9305616200577900        1.2464909611860115       0.72676504516960061       -1.8754326040082714        1.1748728486792466        4.1774041821731678E-016   2.2528955287966459E-009
  0.72676504516960061       -1.8754326040082714        1.1748728486792466       0.73209827541183281       -1.8545098191984239        1.1166589618663818        2.2817143233343035E-016   1.3359112609602707E-009
  0.73209827541183281       -1.8545098191984239        1.1166589618663818       0.73746962140246208       -1.8651249291167624        1.0698478841500778        2.1612652315128187E-016   2.2539019421592175E-009
  0.73746962140246208       -1.8651249291167624        1.0698478841500778       0.74298213116445899       -1.9065618898624170        1.0328781923422770        1.1523237649415099E-016   1.8347686699595024E-009
  0.74298213116445899       -1.9065618898624170        1.0328781923422770       0.74876642446295438       -1.9804834090604810        1.0047324954495551        1.5998691873510606E-016   2.4103936270609158E-009
  0.74876642446295438       -1.9804834090604810        1.0047324954495551       0.75498280511375326       -2.0911400308567547       0.98486289899513924        2.3873952424507817E-008   5.9343237663029181E-005
  0.75498280511375326       -2.0911400308567547       0.98486289899513924       0.76182412610945449       -2.2443810745025394       0.97240566427733299        6.0493769046252014E-016   6.9532708363093829E-010
  0.76182412610945449       -2.2443810745025394       0.97240566427733299       0.76951255471134883       -2.4470417032495799       0.96561390025658889        1.7322022163996369E-016   4.9723651550968565E-010
  0.76951255471134883       -2.4470417032495799       0.96561390025658889       0.77828057131030537       -2.7045745849751741       0.96056282552213534        3.6005824973192672E-016   6.0376827886726514E-010
  0.77828057131030537       -2.7045745849751741       0.96056282552213534       0.78832891960182050       -3.0150832090566473       0.94844245318472886        5.5379907281636351E-016   8.9525805497537679E-010
  0.78832891960182050       -3.0150832090566473       0.94844245318472886       0.79976472591014758       -3.3598974297886901       0.91179346956315765        4.1123912155579391E-016   4.3859627007630870E-010
  0.79976472591014758       -3.3598974297886901       0.91179346956315765       0.81253895467544190       -3.6935973308158436       0.82123523311742941        3.8445696434449351E-016   7.6125145337264240E-010
  0.81253895467544190       -3.6935973308158436       0.82123523311742941       0.82641344289963170       -3.9404320468992644       0.63584268381004438        2.6210426203224732E-016   7.4220099462630872E-010
  0.82641344289963170       -3.9404320468992644       0.63584268381004438       0.84098200042317350       -4.0072580916877021       0.31152544219098022        1.8685790068263940E-006   2.7781734484630871E-003
  0.84098200042317350       -4.0072580916877021       0.31152544219098022       0.85574567712509231       -3.8638133466847551      -0.15622388930343978        4.2813732144721166E-016   5.2840059364970449E-010
  0.85574567712509231       -3.8638133466847551      -0.15622388930343978       0.87021346723599902       -3.5594311332155200      -0.72574838250942841        5.4313020452525411E-016   4.9486981811898735E-010
  0.87021346723599902       -3.5594311332155200      -0.72574838250942841       0.88398707225890039       -3.1591314262847638       -1.3468928483554992        6.2570448196246246E-016   6.5296786778966442E-010
  0.88398707225890039       -3.1591314262847638       -1.3468928483554992       0.89680090942588775       -2.7234949218188760       -1.9744291535365064        5.5709973074941320E-016   5.7241286363388251E-010
  0.89680090942588775       -2.7234949218188760       -1.9744291535365064       0.90851565954302604       -2.2983083767080035       -2.5747159679020202        2.2294840159079022E-016   8.4369062656313168E-010
  0.90851565954302604       -2.2983083767080035       -2.5747159679020202       0.91908532592706749       -1.9124425419132509       -3.1266131133546184        5.5879055291992633E-008   1.0037709159210923E-004
  0.91908532592706749       -1.9124425419132509       -3.1266131133546184       0.92852203658389709       -1.5784830252275674       -3.6203557097636363        2.7751181064982098E-016   3.6681452576243108E-010
  0.92852203658389709       -1.5784830252275674       -3.6203557097636363       0.93687267487446158       -1.2965828015984697       -4.0547741942484681        5.2708949740608448E-016   3.0460760456777743E-010
  0.93687267487446158       -1.2965828015984697       -4.0547741942484681       0.94420810911959208       -1.0628376829071764       -4.4323621884726343        4.4782795253443180E-016   7.2650827502103600E-010
  0.94420810911959208       -1.0628376829071764       -4.4323621884726343       0.95061823015522007      -0.87145235016917710       -4.7578420503570067        3.3385527659639797E-016   1.1074023901238666E-009
  0.95061823015522007      -0.87145235016917710       -4.7578420503570067       0.95620604675687282      -0.71590755148043717       -5.0372280999027534        3.7185388911969499E-016   6.0573450724738649E-010
  0.95620604675687282      -0.71590755148043717       -5.0372280999027534       0.96107845109951251      -0.58984998254974341       -5.2769253418881057        2.7658505558116598E-016   9.9241001067997631E-010
  0.96107845109951251      -0.58984998254974341       -5.2769253418881057       0.96533567024837841      -0.48766740787099483       -5.4829583135291262        3.2400374884725206E-016   9.5036284076833235E-010
  0.96533567024837841      -0.48766740787099483       -5.4829583135291262       0.96906325585038600      -0.40473308161575194       -5.6604795821603817        4.6428411458679788E-016   1.1533042963121350E-009
  0.96906325585038600      -0.40473308161575194       -5.6604795821603817       0.97232938474756803      -0.33737763274641086       -5.8136296991384260        5.5320328911036448E-016   1.3599154432662702E-009
  0.97232938474756803      -0.33737763274641086       -5.8136296991384260       0.97518756442196186      -0.28270440378505213       -5.9456915103354362        5.0152633266159210E-016   1.0581625794725709E-009
  0.97518756442196186      -0.28270440378505213       -5.9456915103354362       0.97768244664351567      -0.23837054009623948       -6.0593893732044233        6.4514862284422980E-016   1.2306218139113165E-009
  0.97768244664351567      -0.23837054009623948       -6.0593893732044233       0.97985563397791786      -0.20241612381815322       -6.1571733255988965        8.1548773238997025E-016   1.1558169055229037E-009
  0.97985563397791786      -0.20241612381815322       -6.1571733255988965       0.98174916159800263      -0.17316812451641184       -6.2413859459508068        3.3456702807131227E-016   9.3861938584631564E-010
  0.98174916159800263      -0.17316812451641184       -6.2413859459508068       0.98340589080648189      -0.14920500245860646       -6.3142884121761700        7.9707061189688235E-016   1.3767941742282850E-009
  0.98340589080648189      -0.14920500245860646       -6.3142884121761700       0.98486745193036540      -0.12935199051766055       -6.3779828273422341        5.8525702928243497E-016   1.4983810160761117E-009
  0.98486745193036540      -0.12935199051766055       -6.3779828273422341       0.98617117001818055      -0.11267957970818876       -6.4342966519096745        3.5451086450905459E-016   1.2891920452386533E-009
  0.98617117001818055      -0.11267957970818876       -6.4342966519096745       0.98734751361235662       -9.8488138871914099E-002  -6.4846941800319975        6.1763615273024041E-016   1.4492476462049731E-009
  0.98734751361235662       -9.8488138871914099E-002  -6.4846941800319975       0.98841910828640578       -8.6273786879929926E-002  -6.5302556877597713        3.6553256315494233E-016   1.4217543136054118E-009
  0.98841910828640578       -8.6273786879929926E-002  -6.5302556877597713       0.98940150607638100       -7.5681223677964704E-002  -6.5717283057043172        4.8679633677003970E-016   1.7667064331124892E-009
  0.98940150607638100       -7.5681223677964704E-002  -6.5717283057043172       0.99030512027618456       -6.6454992704084281E-002  -6.6096210026669571        4.1353048236792521E-016   1.5236140098926999E-009
  0.99030512027618456       -6.6454992704084281E-002  -6.6096210026669571       0.99113738971223708       -5.8399898697148789E-002  -6.6443037214719745        3.2489617511468989E-016   7.7725449957264827E-010
  0.99113738971223708       -5.8399898697148789E-002  -6.6443037214719745       0.99190439589514323       -5.1355851885770853E-002  -6.6760793148930420        1.8906318738303969E-016   1.3575978401251483E-009
  0.99190439589514323       -5.1355851885770853E-002  -6.6760793148930420       0.99261160369490209       -4.5186216954903102E-002  -6.7052165290036747        5.0117077681964156E-016   1.7880968140696748E-009
  0.99261160369490209       -4.5186216954903102E-002  -6.7052165290036747       0.99326385599668976       -3.9774794275153402E-002  -6.7319512287169685        3.5491684898933249E-016   7.1662365205457641E-010
  0.99326385599668976       -3.9774794275153402E-002  -6.7319512287169685       0.99386505754394872       -3.5025544021964672E-002  -6.7564748226644387        6.8592000146733859E-016   1.2511652005805592E-009
  0.99386505754394872       -3.5025544021964672E-002  -6.7564748226644387       0.99441806215494577       -3.0860477308006562E-002  -6.7789311127879444        2.8042048134928519E-016   9.3816367995243365E-010
  0.99441806215494577       -3.0860477308006562E-002  -6.7789311127879444       0.99492510000298440       -2.7213965264059503E-002  -6.7994348460226988        4.4886059806222960E-016   8.7681857995037574E-010
  0.99492510000298440       -2.7213965264059503E-002  -6.7994348460226988       0.99538869529644347       -2.4024962003315498E-002  -6.8181093874643519        4.7169512805763990E-016   1.3916148450974449E-009
  0.99538869529644347       -2.4024962003315498E-002  -6.8181093874643519       0.99581262937781556       -2.1230695255201715E-002  -6.8351253390290045        5.6263351541826627E-016   1.4867011294258166E-009
  0.99581262937781556       -2.1230695255201715E-002  -6.8351253390290045       0.99620238414085938       -1.8764939157196681E-002  -6.8507177225421625        5.5174500323751312E-016   1.2349889462172759E-009
  0.99620238414085938       -1.8764939157196681E-002  -6.8507177225421625       0.99656479089148697       -1.6561292204942291E-002  -6.8651713878453302        3.1243172933553996E-016   1.7721675981101141E-009
  0.99656479089148697       -1.6561292204942291E-002  -6.8651713878453302       0.99690712535276038       -1.4558854264451027E-002  -6.8787848186715106        4.7710843207433220E-016   1.1199632592473581E-009
  0.99690712535276038       -1.4558854264451027E-002  -6.8787848186715106       0.99723623906225067       -1.2706517983650745E-002  -6.8918359763176849        5.6082840465613620E-016   1.9043305164053837E-009
  0.99723623906225067       -1.2706517983650745E-002  -6.8918359763176849       0.99755822632775870       -1.0963566701998273E-002  -6.9045697249594618        5.8464166415473077E-016   1.7178203593546557E-009
  0.99755822632775870       -1.0963566701998273E-002  -6.9045697249594618       0.99787866399408109       -9.2972574464615931E-003  -6.9172078695718859        3.2140526917220496E-016   8.5959556466474091E-010
  0.99787866399408109       -9.2972574464615931E-003  -6.9172078695718859       0.99820297793256763       -7.6803537656897625E-003  -6.9299638873701763        6.2729480294641787E-016   1.8664433326708683E-009
  0.99820297793256763       -7.6803537656897625E-003  -6.9299638873701763       0.99853634308734507       -6.0915089547906032E-003  -6.9430390495135317        4.7348005598716234E-016   1.7095213139792211E-009
  0.99853634308734507       -6.0915089547906032E-003  -6.9430390495135317       0.99888283039515913       -4.5190254082247971E-003  -6.9565891114947771        3.2156494083314661E-016   1.2312819526974284E-009
  0.99888283039515913       -4.5190254082247971E-003  -6.9565891114947771       0.99924408250467178       -2.9654797165694635E-003  -6.9706732184406022        3.5270785525944329E-016   1.5023901742382162E-009
  0.99924408250467178       -2.9654797165694635E-003  -6.9706732184406022       0.99961825706351093       -1.4492074217642426E-003  -6.9852142480172255        2.7678391521754853E-016   1.8224180150468504E-009
  0.99961825706351093       -1.4492074217642426E-003  -6.9852142480172255        1.0000000000000000        0.0000000000000000       -7.0000000000000000        3.7099905404584230E-016   1.1175242430337713E-009
 inner,          82
   0.0000000000000000        1.0000000000000000        5.0000000000000000        1.3063659563718535E-002  0.98655552370669286        5.1634264319007581        3.6566263018514607E-012   4.7981786641660570E-009
   1.3063659563718535E-002  0.98655552370669286        5.1634264319007581        2.6500635181422056E-002  0.94506046595391191        5.3268955730672642        4.3300427987149297E-012   5.0947374176377407E-009
   2.6500635181422056E-002  0.94506046595391191        5.3268955730672642        4.0718715068789144E-002  0.87191997332862758        5.4896484045829261        6.0773405396587087E-012   7.3119659929220598E-009
   4.0718715068789144E-002  0.87191997332862758        5.4896484045829261        5.5961121361325125E-002  0.76275854785287533        5.6466833828678240        9.2251741070081063E-012   1.0921293351192549E-008
   5.5961121361325125E-002  0.76275854785287533        5.6466833828678240        7.2329846859362168E-002  0.61459516659725055        5.7888426846940382        1.4148852031265791E-011   1.3575818896053699E-008
   7.2329846859362168E-002  0.61459516659725055        5.7888426846940382        8.9793996026244882E-002  0.42812020822560809        5.9037217975178322        2.0868815854694261E-011   1.9196850078290602E-008
   8.9793996026244882E-002  0.42812020822560809        5.9037217975178322       0.10822330422465254       0.20926394362389911        5.9778591932885705        2.8816681034111830E-011   2.4571587851271170E-008
  0.10822330422465254       0.20926394362389911        5.9778591932885705       0.12743342934952667       -3.0574609506502818E-002   5.9995324873427203        3.6961856220352604E-011   3.0546147117957581E-008
  0.12743342934952667       -3.0574609506502818E-002   5.9995324873427203       0.14722860919260694      -0.27571450678961468        5.9612395699021965        4.4250385261548963E-011   3.4904431988739211E-008
  0.14722860919260694      -0.27571450678961468        5.9612395699021965       0.16743198591929945      -0.50830556218584799        5.8611767852484933        5.0014358205852535E-011   3.8826369034794011E-008
  0.16743198591929945      -0.50830556218584799        5.8611767852484933       0.18790092663668673      -0.71066033197907852        5.7035352816677971        5.4089900871803896E-011   3.9453646611622715E-008
  0.18790092663668673      -0.71066033197907852        5.7035352816677971       0.20853002335646278      -0.86725859702936003        5.4978579374466836        5.6678785151249556E-011   4.2133217845208204E-008
  0.20853002335646278      -0.86725859702936003        5.4978579374466836       0.22924626602979006      -0.96618423326288294        5.2578527242326807        5.8130609101196378E-011   4.3488925186965085E-008
  0.22924626602979006      -0.96618423326288294        5.2578527242326807       0.25000000000000000       -1.0000000000000000        5.0000000000000000        5.8764480034100482E-011   4.3758432818001005E-008
  0.25000000000000000       -1.0000000000000000        5.0000000000000000       0.31250000006218731       -1.0000000000000000        4.4999999995025011        3.3467078183372264E-016   3.4996536654039409E-009
  0.31250000006218731       -1.0000000000000000        4.4999999995025011       0.37500000009111134       -1.0000000000000000        3.9999999992711093        2.3363823720255221E-016   3.7436634382546844E-009
  0.37500000009111134       -1.0000000000000000        3.9999999992711093       0.43750000006518613       -1.0000000000000000        3.4999999994785109        1.4412807248459985E-016   3.1401771495157033E-009
  0.43750000006518613       -1.0000000000000000        3.4999999994785109       0.50000000000000000       -1.0000000000000000        3.0000000000000000        1.8459451492910390E-016   3.1401433040393331E-009
  0.50000000000000000       -1.0000000000000000        3.0000000000000000       0.51092508110774704      -0.98588606587318095        2.7947133729540070        1.5321936198464253E-012   2.8992657402584026E-009
  0.51092508110774704      -0.98588606587318095        2.7947133729540070       0.52172950495369841      -0.94442487131431019        2.5954795541278060        1.4334452177895886E-012   3.6413310192949173E-009
  0.52172950495369841      -0.94442487131431019        2.5954795541278060       0.53229817441470417      -0.87813838811215117        2.4077715109760067        1.2557196745106439E-012   3.0287841318053692E-009
  0.53229817441470417      -0.87813838811215117        2.4077715109760067       0.54260117210492442      -0.79014123025828109        2.2347970164801696        1.0778276890306702E-012   3.2960711068948338E-009
  0.54260117210492442      -0.79014123025828109        2.2347970164801696       0.55268974151252670      -0.68303706292411293        2.0778160119868225        9.5004333908482349E-013   3.3051375332191553E-009
  0.55268974151252670      -0.68303706292411293        2.0778160119868225       0.56268813521250605      -0.55814962174912486        1.9368352065685281        9.0025976510108792E-013   2.0951908588597859E-009
  0.56268813521250605      -0.55814962174912486        1.9368352065685281       0.57277102094612997      -0.41531865115715982        1.8116432493380461        9.4684048710757743E-013   3.5335952411496915E-009
  0.57277102094612997      -0.41531865115715982        1.8116432493380461       0.58313291942270029      -0.25326921363647514        1.7028548686490450        1.1153300039436688E-012   2.4954321774232610E-009
  0.58313291942270029      -0.25326921363647514        1.7028548686490450       0.59395543880082080       -7.0445580682041542E-002   1.6127034060878227        1.4478847420705378E-012   3.2394391711277284E-009
  0.59395543880082080       -7.0445580682041542E-002   1.6127034060878227       0.60537694661606167       0.13385137953856951        1.5453745541431665        2.0003192046603041E-012   3.7515053324899229E-009
  0.60537694661606167       0.13385137953856951        1.5453745541431665       0.61746875575763804       0.35825121456115028        1.5067125923565112        2.8164123520720360E-012   4.2559311167921144E-009
  0.61746875575763804       0.35825121456115028        1.5067125923565112       0.63022141301085111       0.59835071075758506        1.5032277602475794        3.8757000490932466E-012   5.0527795736199305E-009
  0.63022141301085111       0.59835071075758506        1.5032277602475794       0.64354344907065508       0.84638105194732249        1.5405411390341055        5.0368423186781226E-012   5.7386025386780704E-009
  0.64354344907065508       0.84638105194732249        1.5405411390341055       0.65727306194396096        1.0917935568082129        1.6216747894200423        6.0349450761343908E-012   6.7751798568989027E-009
  0.65727306194396096        1.0917935568082129        1.6216747894200423       0.67120153274581629        1.3227704922126513        1.7457876108313426        6.5787251507781780E-012   7.2304631880488280E-009
  0.67120153274581629        1.3227704922126513        1.7457876108313426       0.68510607292465475        1.5282772661930806        1.9079167321900383        6.5111733310847712E-012   6.9909379637364462E-009
  0.68510607292465475        1.5282772661930806        1.9079167321900383       0.69878843980008298        1.6999618961479932        2.0999491971044564        5.9114118915658407E-012   6.9580079587022099E-009
  0.69878843980008298        1.6999618961479932        2.0999491971044564       0.71211316924305090        1.8331836968868858        2.3125254693044868        5.0429232250388520E-012   6.2921750059267414E-009
  0.71211316924305090        1.8331836968868858        2.3125254693044868       0.72503652302582289        1.9267973647133880        2.5371293052623320        4.1974366981910037E-012   5.1876125051461144E-009
  0.72503652302582289        1.9267973647133880        2.5371293052623320       0.73761675554218331        1.9818751955794953        2.7675222489651277        3.5717089842576480E-012   4.3147101624001747E-009
  0.73761675554218331        1.9818751955794953        2.7675222489651277       0.75000000000000000        2.0000000000000000        3.0000000000000000        3.2490079281946997E-012   4.3360974657943144E-009
  0.75000000000000000        2.0000000000000000        3.0000000000000000       0.75625144533286359        1.9749942186685456        3.1673643198309027        1.1311036091939346E-013   4.0866363750382438E-009
  0.75625144533286359        1.9749942186685456        3.1673643198309027       0.76247930695444843        1.9500827721822063        3.3312262060078925        3.3029885264287443E-013   5.0054225121788166E-009
  0.76247930695444843        1.9500827721822063        3.3312262060078925       0.76865264303877467        1.9253894278449013        3.4880778837811439        5.2106089683813050E-013   3.7550092093623610E-009
  0.76865264303877467        1.9253894278449013        3.4880778837811439       0.77474278373715977        1.9010288650513609        3.6348495770791547        6.7035226742997157E-013   2.9997068112872504E-009
  0.77474278373715977        1.9010288650513609        3.6348495770791547       0.78072480127761745        1.8771007948895302        3.7690823105850946        7.7135199799597289E-013   3.5914803354838932E-009
  0.78072480127761745        1.8771007948895302        3.7690823105850946       0.78658280432816063        1.8536687826873575        3.8891028160880907        8.2877223167501795E-013   3.0637061449036906E-009
  0.78658280432816063        1.8536687826873575        3.8891028160880907       0.79231301967643764        1.8307479212942495        3.9940289777483473        8.5667487884162872E-013   2.9743553143510342E-009
  0.79231301967643764        1.8307479212942495        3.9940289777483473       0.79792381404270674        1.8083047438291731        4.0836241019908748        8.7227425124405774E-013   2.3935989098304561E-009
  0.79792381404270674        1.8083047438291731        4.0836241019908748       0.80343429178247816        1.7862628328700874        4.1580907171247663        8.9283521770235650E-013   3.2883602237290821E-009
  0.80343429178247816        1.7862628328700874        4.1580907171247663       0.80887339185791540        1.7645064325683384        4.2178739022957146        9.3552669692434767E-013   4.4706605434597734E-009
  0.80887339185791540        1.7645064325683384        4.2178739022957146       0.81427953636641770        1.7428818545343292        4.2634863063617887        1.0222627655510186E-012   3.9058025258086483E-009
  0.81427953636641770        1.7428818545343292        4.2634863063617887       0.81969893941252581        1.7212042423498968        4.2953492166600924        1.1808692968720426E-012   4.1791716124476817E-009
  0.81969893941252581        1.7212042423498968        4.2953492166600924       0.82518053036925387        1.6992778785229845        4.3136777324639315        1.4372157052091216E-012   6.7337442173803415E-009
  0.82518053036925387        1.6992778785229845        4.3136777324639315       0.83076725108275817        1.6769309956689673        4.3184747490308260        1.7292005129718670E-012   4.9205919871915248E-009
  0.83076725108275817        1.6769309956689673        4.3184747490308260       0.83648613338223310        1.6540554664710676        4.3096867502910730        1.8144030192151115E-012   4.2627666614913899E-009
  0.83648613338223310        1.6540554664710676        4.3096867502910730       0.84234171433241123        1.6306331426703551        4.2874982783800952        1.6735082818947568E-012   4.1783641298433295E-009
  0.84234171433241123        1.6306331426703551        4.2874982783800952       0.84831787800095937        1.6067284879961625        4.2526321344649096        1.4540127032021855E-012   4.4979952626861697E-009
  0.84831787800095937        1.6067284879961625        4.2526321344649096       0.85439118935367431        1.5824352425853028        4.2064584119607566        1.1999979792893091E-012   5.0464533298427391E-009
  0.85439118935367431        1.5824352425853028        4.2064584119607566       0.86055392894292304        1.5577842842283078        4.1507903157476038        9.3057813426511674E-013   2.9087971754314062E-009
  0.86055392894292304        1.5577842842283078        4.1507903157476038       0.86683865975410379        1.5326453609835848        4.0874704511966806        6.5679178725190761E-013   4.5251778317808081E-009
  0.86683865975410379        1.5326453609835848        4.0874704511966806       0.87333136194552974        1.5066745522178810        4.0180947630117752        3.4266067712501999E-013   2.2190760935998800E-009
  0.87333136194552974        1.5066745522178810        4.0180947630117752       0.88016052910506437        1.4793578835797425        3.9442830386525056        1.6642898479598240E-013   3.2536069106280265E-009
  0.88016052910506437        1.4793578835797425        3.9442830386525056       0.88745712291389223        1.4501715083444311        3.8686630291718092        1.2451546847534884E-012   4.9309944098022362E-009
  0.88745712291389223        1.4501715083444311        3.8686630291718092       0.89529376205081812        1.4188249517967275        3.7961923732629570        3.6540068530570054E-012   7.5375002391561681E-009
  0.89529376205081812        1.4188249517967275        3.7961923732629570       0.90362584224725873        1.3854966310109651        3.7347807496603731        8.3381090310577378E-012   1.5215391170774107E-008
  0.90362584224725873        1.3854966310109651        3.7347807496603731       0.91226397536120651        1.3509440985551739        3.6939747499774502        1.5361637391115419E-011   2.7373951305622006E-008
  0.91226397536120651        1.3509440985551739        3.6939747499774502       0.92089849155166781        1.3164060337933288        3.6815302027562407        2.1486335546397678E-011   3.9118900460032159E-008
  0.92089849155166781        1.3164060337933288        3.6815302027562407       0.92917319198416792        1.2833072320633283        3.6997492721884386        1.7699653422124036E-011   3.3497559749836752E-008
  0.92917319198416792        1.2833072320633283        3.6997492721884386       0.93677955524639334        1.2528817790144267        3.7443593840317142        9.0238398760568339E-012   1.9166255469184351E-008
  0.93677955524639334        1.2528817790144267        3.7443593840317142       0.94353167455657538        1.2258733017736985        3.8068545152267639        3.7259488403501728E-012   1.0388530682693518E-008
  0.94353167455657538        1.2258733017736985        3.8068545152267639       0.94939426515135761        1.2024229393945696        3.8784162218058555        1.3822525166848185E-012   5.4095824691320384E-009
  0.94939426515135761        1.2024229393945696        3.8784162218058555       0.95446197392346011        1.1821521043061596        3.9528196112254603        5.0824196336090093E-013   2.6596500640836077E-009
  0.95446197392346011        1.1821521043061596        3.9528196112254603       0.95890986491569030        1.1643605403372388        4.0272615421491329        2.0708556351032344E-013   2.6476089966291664E-009
  0.95890986491569030        1.1643605403372388        4.0272615421491329       0.96294060929269099        1.1482375628292361        4.1016809579204736        1.0266310644359909E-013   2.2632337253407779E-009
  0.96294060929269099        1.1482375628292361        4.1016809579204736       0.96674534952893820        1.1330186018842472        4.1775976786395805        6.5114046766688313E-014   2.9167501022561201E-009
  0.96674534952893820        1.1330186018842472        4.1775976786395805       0.97048240358793159        1.1180703856482737        4.2571150504427706        5.1951565565296997E-014   3.8877514281854514E-009
  0.97048240358793159        1.1180703856482737        4.2571150504427706       0.97426950752443531        1.1029219699022588        4.3422523138003282        4.9510859857585191E-014   3.0391162138619342E-009
  0.97426950752443531        1.1029219699022588        4.3422523138003282       0.97818345005947538        1.0872661997620985        4.4345335022674064        5.1715224681306424E-014   3.4809253747128348E-009
  0.97818345005947538        1.0872661997620985        4.4345335022674064       0.98226309644531229        1.0709476142187508        4.5347354575809646        5.5056519805214020E-014   1.6808133348796504E-009
  0.98226309644531229        1.0709476142187508        4.5347354575809646       0.98651431394875067        1.0539427442049973        4.6427542991087334        5.5596259478037657E-014   2.5031607827296100E-009
  0.98651431394875067        1.0539427442049973        4.6427542991087334       0.99091635205414252        1.0363345917834299        4.7575915560791699        4.9722996263085540E-014   1.8049074429329958E-009
  0.99091635205414252        1.0363345917834299        4.7575915560791699       0.99542905467303378        1.0182837813078649        4.8774615395926766        3.4909832242147915E-014   2.2144829072605965E-009
  0.99542905467303378        1.0182837813078649        4.8774615395926766        1.0000000000000000        1.0000000000000000        5.0000000000000000        1.2734172767486649E-014   2.7021797935998031E-009
