 Number of boundary curves =            1
 Outer Boundary,         128
   0.0000000000000000        3.3999999999999999        0.0000000000000000        1.0144904111098835E-002   3.4482076767587833       0.19581934293707298        5.8014846847672539E-009   8.8189942266395452E-006
   1.0144904111098835E-002   3.4482076767587833       0.19581934293707298        2.0236524957675341E-002   3.5679195725120896       0.30005480445995053        3.1098791217302193E-009   4.7447707802284797E-006
   2.0236524957675341E-002   3.5679195725120896       0.30005480445995053        3.0165823731041822E-002   3.6986678421003094       0.38067736348461978        1.6103835937269998E-009   2.4869005090785160E-006
   3.0165823731041822E-002   3.6986678421003094       0.38067736348461978        3.9762151778699753E-002   3.7808820995758077       0.50806857191948729        4.0511099680082055E-009   6.5088323064896201E-006
   3.9762151778699753E-002   3.7808820995758077       0.50806857191948729        4.8809810674348184E-002   3.7903333611094014       0.71427708155827485        2.8923264919622341E-009   4.9292662772456784E-006
   4.8809810674348184E-002   3.7903333611094014       0.71427708155827485        5.7101532361866936E-002   3.7438194462444239       0.98124580871641975        1.1191195444329225E-009   2.0805017359459472E-006
   5.7101532361866936E-002   3.7438194462444239       0.98124580871641975        6.4493477665557908E-002   3.6761310757531662        1.2638583007044066        2.3719441218667168E-010   4.9378988937560596E-007
   6.4493477665557908E-002   3.6761310757531662        1.2638583007044066        7.0937396697141525E-002   3.6148083381520393        1.5217303028341502        7.8276908557537710E-011   1.8688766872382977E-007
   7.0937396697141525E-002   3.6148083381520393        1.5217303028341502        7.6482779576885554E-002   3.5714280973467325        1.7347775483491312        7.0526148983789943E-011   1.9607286764712468E-007
   7.6482779576885554E-002   3.5714280973467325        1.7347775483491312        8.1257698746435333E-002   3.5460959352748751        1.9010653432435707        4.2010355676903263E-011   1.3556822040919676E-007
   8.1257698746435333E-002   3.5460959352748751        1.9010653432435707        8.5442231256329215E-002   3.5345193443284533        2.0280902035376203        2.3328395164393768E-011   8.5997001176098841E-008
   8.5442231256329215E-002   3.5345193443284533        2.0280902035376203        8.9243484496464631E-002   3.5323063233205039        2.1255748564867774        1.4683279247876152E-011   5.9559210999645194E-008
   8.9243484496464631E-002   3.5323063233205039        2.1255748564867774        9.2873305311254900E-002   3.5363391384175937        2.2016267226950852        1.1772871016568649E-011   5.0016494387003426E-008
   9.2873305311254900E-002   3.5363391384175937        2.2016267226950852        9.6525471941583146E-002   3.5445052602338736        2.2613396432555022        1.2321287335348874E-011   5.1797177092768138E-008
   9.6525471941583146E-002   3.5445052602338736        2.2613396432555022       0.10035115095643615        3.5546907605237945        2.3069038440683864        1.5604857793437701E-011   6.2813971966432826E-008
  0.10035115095643615        3.5546907605237945        2.3069038440683864       0.10443757281389518        3.5635619327148005        2.3388940951755242        2.1025723128911310E-011   7.9407491028615194E-008
  0.10443757281389518        3.5635619327148005        2.3388940951755242       0.10880000494080611        3.5657456530131864        2.3584044326086717        2.9381872391198328E-011   1.0357169483043295E-007
  0.10880000494080611        3.5657456530131864        2.3584044326086717       0.11339593331718960        3.5541078741895253        2.3690273475278256        4.8331417497081969E-011   1.6176050395659037E-007
  0.11339593331718960        3.5541078741895253        2.3690273475278256       0.11816167115722055        3.5211769394486718        2.3774034343839561        6.2836929217530320E-011   2.0310916405301577E-007
  0.11816167115722055        3.5211769394486718        2.3774034343839561       0.12306009291293374        3.4605548923785592        2.3921832978259614        7.4431000411798611E-011   2.3402916218912686E-007
  0.12306009291293374        3.4605548923785592        2.3921832978259614       0.12812140297143287        3.3668955867007986        2.4228309354738720        8.6043134864643126E-011   2.6201305873959955E-007
  0.12812140297143287        3.3668955867007986        2.4228309354738720       0.13346101401845328        3.2344989178985837        2.4797395022755668        1.0503237128531007E-010   3.0321788337812491E-007
  0.13346101401845328        3.2344989178985837        2.4797395022755668       0.13926734452437631        3.0564986755889505        2.5753007393383633        1.4066659687568156E-010   3.7346992477738446E-007
  0.13926734452437631        3.0564986755889505        2.5753007393383633       0.14576177459183903        2.8273970526740277        2.7232295958332471        1.9733134781308004E-010   4.6834083680929566E-007
  0.14576177459183903        2.8273970526740277        2.7232295958332471       0.15313960837062635        2.5504103763453454        2.9318597932102302        2.8576408998656201E-010   5.9652102260658205E-007
  0.15313960837062635        2.5504103763453454        2.9318597932102302       0.16150554828176250        2.2459970203414974        3.1889637728818316        6.9492027333023212E-010   1.2800874925446060E-006
  0.16150554828176250        2.2459970203414974        3.1889637728818316       0.17082155645205918        1.9493487321296226        3.4463306685325326        2.0130016920288539E-009   3.3313606456510247E-006
  0.17082155645205918        1.9493487321296226        3.4463306685325326       0.18088701191737247        1.6856362895560915        3.6282263031652593        3.9738908364536598E-009   6.0875704462520293E-006
  0.18088701191737247        1.6856362895560915        3.6282263031652593       0.19136547645461233        1.4399886265508615        3.6791215345177748        4.6481869462857660E-009   6.8371727933451840E-006
  0.19136547645461233        1.4399886265508615        3.6791215345177748       0.20185671306522623        1.1652022433498188        3.6145781108316628        3.8098160054300866E-009   5.5961601710355232E-006
  0.20185671306522623        1.1652022433498188        3.6145781108316628       0.21199269929869335       0.83066062691669984        3.5134114845787190        3.3723424421457240E-009   5.1294663479336850E-006
  0.21199269929869335       0.83066062691669984        3.5134114845787190       0.22152397945996768       0.45400887320866318        3.4556209475449537        2.3491014567221533E-009   3.7998889006206657E-006
  0.22152397945996768       0.45400887320866318        3.4556209475449537       0.23036604369617239        8.2342641008365247E-002   3.4752931253067736        1.3562293962135929E-009   2.3640998650940988E-006
  0.23036604369617239        8.2342641008365247E-002   3.4752931253067736       0.23859227901404190      -0.24302100164807366        3.5624147672531223        8.4017201924146505E-010   1.5741672567769591E-006
  0.23859227901404190      -0.24302100164807366        3.5624147672531223       0.24638041941340647      -0.50162574364911294        3.6870740520538337        6.5502674112976464E-010   1.2962693603806392E-006
  0.24638041941340647      -0.50162574364911294        3.6870740520538337       0.25393416414138781      -0.69011742201205784        3.8159209112979893        6.1742955369530021E-010   1.2598069267877103E-006
  0.25393416414138781      -0.69011742201205784        3.8159209112979893       0.26140732996284782      -0.81593953430402855        3.9170397013450282        6.6794593754481117E-010   1.3778134168348038E-006
  0.26140732996284782      -0.81593953430402855        3.9170397013450282       0.26885497963913768      -0.89547391959122069        3.9630626919694576        8.4021344052734517E-010   1.7386339548928073E-006
  0.26885497963913768      -0.89547391959122069        3.9630626919694576       0.27622541560211983      -0.95256108616830248        3.9385471021439802        9.7761244557651111E-010   2.0441904510525991E-006
  0.27622541560211983      -0.95256108616830248        3.9385471021439802       0.28339104192874059       -1.0119537901207254        3.8474061139680940        6.7803107268210614E-010   1.4585777438771458E-006
  0.28339104192874059       -1.0119537901207254        3.8474061139680940       0.29020092875193082       -1.0897653607314908        3.7118680708021898        4.1134082081156161E-010   9.3127492111586888E-007
  0.29020092875193082       -1.0897653607314908        3.7118680708021898       0.29653140017087920       -1.1886411687206342        3.5616696643313466        2.1999192392378002E-010   5.3543510237004694E-007
  0.29653140017087920       -1.1886411687206342        3.5616696643313466       0.30231658708977838       -1.3010417713239752        3.4216597285123704        1.0724110742659454E-010   2.8560074347568869E-007
  0.30231658708977838       -1.3010417713239752        3.4216597285123704       0.30755395186829759       -1.4163113552243305        3.3057627277723616        5.4457129184092201E-011   1.6008798836600585E-007
  0.30755395186829759       -1.4163113552243305        3.3057627277723616       0.31229138511251225       -1.5258885428399240        3.2179548886698033        3.2339767860796059E-011   1.0508164833129662E-007
  0.31229138511251225       -1.5258885428399240        3.2179548886698033       0.31660689340027903       -1.6249177776833750        3.1562722048570877        2.1912408291318173E-011   7.8265576134247633E-008
  0.31660689340027903       -1.6249177776833750        3.1562722048570877       0.32058982250623075       -1.7115787865650238        3.1164260341279357        1.6114983369289292E-011   6.2216788636612512E-008
  0.32058982250623075       -1.7115787865650238        3.1164260341279357       0.32432808879847341       -1.7858206094345344        3.0938805145357775        1.2734490372692619E-011   5.2363493598561932E-008
  0.32432808879847341       -1.7858206094345344        3.0938805145357775       0.32790211647928713       -1.8483666389174851        3.0846494763481647        1.0849685509109436E-011   4.6418342671351480E-008
  0.32790211647928713       -1.8483666389174851        3.0846494763481647       0.33138374626735645       -1.9001570994573220        3.0853882826722558        9.9755372285860240E-012   4.4224677518925266E-008
  0.33138374626735645       -1.9001570994573220        3.0853882826722558       0.33483691593743375       -1.9421110202557332        3.0931859906674077        9.8455835094583419E-012   4.4428757966821252E-008
  0.33483691593743375       -1.9421110202557332        3.0931859906674077       0.33831664003794321       -1.9750832669755152        3.1052368002624018        1.0303122102201372E-011   4.5339153057805399E-008
  0.33831664003794321       -1.9750832669755152        3.1052368002624018       0.34186454111988346       -1.9999808225388065        3.1184681189186967        1.1255262179281102E-011   4.9007241582054000E-008
  0.34186454111988346       -1.9999808225388065        3.1184681189186967       0.34550286042558764       -2.0180362387775714        3.1292498193068994        1.2892095265094215E-011   5.4357298026360146E-008
  0.34550286042558764       -2.0180362387775714        3.1292498193068994       0.34923244108939760       -2.0311457195198992        3.1333842417678448        1.6470710145179722E-011   6.7713909279431703E-008
  0.34923244108939760       -2.0311457195198992        3.1333842417678448       0.35304041592082219       -2.0420633789616871        3.1264683054792206        2.0208582826942129E-011   8.2158108049579560E-008
  0.35304041592082219       -2.0420633789616871        3.1264683054792206       0.35691872266962305       -2.0543207330888649        3.1043699451738158        1.9916235540685847E-011   7.9062074186649719E-008
  0.35691872266962305       -2.0543207330888649        3.1043699451738158       0.36088753473160007       -2.0720536277900199        3.0632883749455897        2.1251390459131105E-011   8.1822344219752779E-008
  0.36088753473160007       -2.0720536277900199        3.0632883749455897       0.36501334450893819       -2.1001505437945989        2.9990911606204933        2.5445267692026856E-011   9.4959806974282014E-008
  0.36501334450893819       -2.1001505437945989        2.9990911606204933       0.36941326496680826       -2.1449608510996785        2.9062853642086415        3.4790563034664935E-011   1.2173833435445483E-007
  0.36941326496680826       -2.1449608510996785        2.9062853642086415       0.37424376281704885       -2.2152808003190074        2.7776053672549721        5.3976476872591896E-011   1.7213364521889627E-007
  0.37424376281704885       -2.2152808003190074        2.7776053672549721       0.37967843659113149       -2.3226792213109961        2.6055197240309691        8.9131350809402457E-011   2.5263246362072231E-007
  0.37967843659113149       -2.3226792213109961        2.6055197240309691       0.38588122059701729       -2.4794808189441024        2.3869279235326770        1.3730075084713220E-010   3.4078302212079676E-007
  0.38588122059701729       -2.4794808189441024        2.3869279235326770       0.39297847340889264       -2.6923485972606302        2.1312184627614643        1.7435815467767184E-010   3.7833103314549587E-007
  0.39297847340889264       -2.6923485972606302        2.1312184627614643       0.40103011600534783       -2.9514109252683176        1.8679516651719332        4.9017445760314511E-010   9.3765684410209890E-007
  0.40103011600534783       -2.9514109252683176        1.8679516651719332       0.41000140857074147       -3.2219558261819388        1.6437721368664544        1.7665815150562457E-009   3.0356996729719407E-006
  0.41000140857074147       -3.2219558261819388        1.6437721368664544       0.41974391228616564       -3.4538848206670112        1.4974097812632043        3.9349406939649278E-009   6.2282638196549363E-006
  0.41974391228616564       -3.4538848206670112        1.4974097812632043       0.43000069789761058       -3.6153691945350355        1.4217799508681097        4.7315970066976363E-009   7.1111378833913249E-006
  0.43000069789761058       -3.6153691945350355        1.4217799508681097       0.44044784717767160       -3.7234780156044187        1.3524522821772187        1.9508307443388770E-009   2.8504217036192187E-006
  0.44044784717767160       -3.7234780156044187        1.3524522821772187       0.45076827864905866       -3.8311900477054914        1.2092190006119488        5.2056303932741730E-009   7.7756895789280551E-006
  0.45076827864905866       -3.8311900477054914        1.2092190006119488       0.46073307210582914       -3.9794030032712726       0.95438872687365583        4.5423868182307384E-009   7.0299632002411511E-006
  0.46073307210582914       -3.9794030032712726       0.95438872687365583       0.47025509785528913       -4.1669763696309587       0.60978388915976911        2.3579597177934767E-009   3.8183682095378692E-006
  0.47025509785528913       -4.1669763696309587       0.60978388915976911       0.47938976339016137       -4.3599973404300982       0.23009582094725550        5.5910286928482784E-010   9.3930337827727552E-007
  0.47938976339016137       -4.3599973404300982       0.23009582094725550       0.48828355053692180       -4.5149758865667735      -0.12821333090266079        7.5710265243543522E-010   1.3094918761031689E-006
  0.48828355053692180       -4.5149758865667735      -0.12821333090266079       0.49709698923481471       -4.5945585392692649      -0.42202814975911873        1.7636248334437630E-009   3.0851479763070252E-006
  0.49709698923481471       -4.5945585392692649      -0.42202814975911873       0.50593937134737155       -4.5774199135765397      -0.62846840120614511        2.5014468162909653E-009   4.3622973529197019E-006
  0.50593937134737155       -4.5774199135765397      -0.62846840120614511       0.51484249237609270       -4.4671445329637427      -0.75208734740162120        2.1455432408266615E-009   3.7151749782770591E-006
  0.51484249237609270       -4.4671445329637427      -0.75208734740162120       0.52377701647481578       -4.2944398096099157      -0.82723881815896694        5.2918962669883872E-010   9.0526370355186947E-007
  0.52377701647481578       -4.2944398096099157      -0.82723881815896694       0.53269229504618931       -4.1054145103550779      -0.90699121931655269        1.2227742429088594E-009   2.1121617991322145E-006
  0.53269229504618931       -4.1054145103550779      -0.90699121931655269       0.54155189698660378       -3.9405776500564813       -1.0415291144415406        2.2419226827521540E-009   3.9016827908580451E-006
  0.54155189698660378       -3.9405776500564813       -1.0415291144415406       0.55034614537454296       -3.8178475615046210       -1.2584907945692223        2.1578265982706217E-009   3.7831183753644602E-006
  0.55034614537454296       -3.8178475615046210       -1.2584907945692223       0.55908124221528677       -3.7279234594098756       -1.5539230059384597        1.3141352840840705E-009   2.3191986376764776E-006
  0.55908124221528677       -3.7279234594098756       -1.5539230059384597       0.56775888292059340       -3.6415575228496126       -1.8946784865604032        4.0177682901637159E-010   7.0962095430792595E-007
  0.56775888292059340       -3.6415575228496126       -1.8946784865604032       0.57636255826403693       -3.5244743122290947       -2.2303484087280663        8.1423243530369758E-010   1.4577585206826007E-006
  0.57636255826403693       -3.5244743122290947       -2.2303484087280663       0.58485864996181025       -3.3540134681498803       -2.5115648098120706        1.3517530436060109E-009   2.4527089569520224E-006
  0.58485864996181025       -3.3540134681498803       -2.5115648098120706       0.59320974544297378       -3.1298518704972151       -2.7078245291487701        1.3764992739791637E-009   2.5412471555487642E-006
  0.59320974544297378       -3.1298518704972151       -2.7078245291487701       0.60139146273679511       -2.8734640591398453       -2.8165526050691425        9.5319195115970628E-010   1.7954610384786839E-006
  0.60139146273679511       -2.8734640591398453       -2.8165526050691425       0.60940466214720534       -2.6179824661349804       -2.8602299261708675        4.5961857721986782E-010   8.8322896171071506E-007
  0.60940466214720534       -2.6179824661349804       -2.8602299261708675       0.61727958710122466       -2.3953983252020556       -2.8756629575728963        5.2413296420196251E-010   1.0243426017106957E-006
  0.61727958710122466       -2.3953983252020556       -2.8756629575728963       0.62507284716845235       -2.2271352395471622       -2.9020569417896653        9.4220313069795184E-010   1.8639198750531967E-006
  0.62507284716845235       -2.2271352395471622       -2.9020569417896653       0.63285954965259306       -2.1196862525746631       -2.9718944176267672        1.2803319139636968E-009   2.5347398642738236E-006
  0.63285954965259306       -2.1196862525746631       -2.9718944176267672       0.64072180417418600       -2.0639768774534186       -3.1048405047028211        1.1741672297913223E-009   2.3021264578496635E-006
  0.64072180417418600       -2.0639768774534186       -3.1048405047028211       0.64873374963406294       -2.0370653287006202       -3.3031978635940371        8.0233603518762127E-010   1.5425600307728603E-006
  0.64873374963406294       -2.0370653287006202       -3.3031978635940371       0.65694420515003449       -2.0066246557462062       -3.5485835267754582        6.6074763751966424E-010   1.2393650431166037E-006
  0.65694420515003449       -2.0066246557462062       -3.5485835267754582       0.66536104512645600       -1.9399592788271258       -3.8025591134852599        1.0681213883461614E-009   1.9560448064554557E-006
  0.66536104512645600       -1.9399592788271258       -3.8025591134852599       0.67394447907425770       -1.8171756760085596       -4.0157908527390491        1.5930156127873503E-009   2.8611959908463721E-006
  0.67394447907425770       -1.8171756760085596       -4.0157908527390491       0.68261662724105965       -1.6422845964782773       -4.1464377722590822        1.7704106030371968E-009   3.1470676175634959E-006
  0.68261662724105965       -1.6422845964782773       -4.1464377722590822       0.69128994388273424       -1.4428231616015499       -4.1792348038609024        1.4830633652949067E-009   2.6349665677379996E-006
  0.69128994388273424       -1.4428231616015499       -4.1792348038609024       0.69990795369026770       -1.2555973943504328       -4.1322758356282598        1.2733563909723344E-009   2.2766420019324742E-006
  0.69990795369026770       -1.2555973943504328       -4.1322758356282598       0.70848302699186649       -1.1081158405233458       -4.0474756872612847        1.5416941371303981E-009   2.7713880220083736E-006
  0.70848302699186649       -1.1081158405233458       -4.0474756872612847       0.71711345518700653       -1.0071905796128293       -3.9740471586329775        2.1389909989466175E-009   3.8207477988757555E-006
  0.71711345518700653       -1.0071905796128293       -3.9740471586329775       0.72596879555331784      -0.93624940267979884       -3.9555036319711316        3.1785509777583717E-009   5.5333540835625373E-006
  0.72596879555331784      -0.93624940267979884       -3.9555036319711316       0.73524580471234491      -0.85606847466224856       -4.0198319288949715        3.3599072814347345E-009   5.5816265781441139E-006
  0.73524580471234491      -0.85606847466224856       -4.0198319288949715       0.74511080921575246      -0.70938933747297117       -4.1652321887732437        3.5416225844826761E-009   5.5342363714627580E-006
  0.74511080921575246      -0.70938933747297117       -4.1652321887732437       0.75565122439452237      -0.44005601518725346       -4.3426609337038418        4.5123458547109693E-009   6.6004664896446781E-006
  0.75565122439452237      -0.44005601518725346       -4.3426609337038418       0.76685513429465657       -3.1720304760370244E-002  -4.4572811555700262        5.5959626641255332E-009   7.6988286177148329E-006
  0.76685513429465657       -3.1720304760370244E-002  -4.4572811555700262       0.77862450069092415       0.46018783050986550       -4.4149999533177517        7.4183589233770126E-009   9.7168532724056856E-006
  0.77862450069092415       0.46018783050986550       -4.4149999533177517       0.79081144226716249       0.93086396266158900       -4.1980677323243656        9.9205941023223704E-009   1.2554871640104270E-005
  0.79081144226716249       0.93086396266158900       -4.1980677323243656       0.80325751576107007        1.3063471294368023       -3.8997472853381794        1.0020912903781211E-008   1.2415241464815242E-005
  0.80325751576107007        1.3063471294368023       -3.8997472853381794       0.81581881176781257        1.6078038960308034       -3.6661237996025156        1.0947643037019595E-008   1.3429420751325489E-005
  0.81581881176781257        1.6078038960308034       -3.6661237996025156       0.82837230900962966        1.9262264475313535       -3.5842371775701989        1.5989349868227029E-008   1.9644642324697598E-005
  0.82837230900962966        1.9262264475313535       -3.5842371775701989       0.84081192530645399        2.3275856825062831       -3.6146548810584362        1.2713595952774628E-008   1.5763509168897055E-005
  0.84081192530645399        2.3275856825062831       -3.6146548810584362       0.85304713669055232        2.7832438527477548       -3.6264440502069930        6.5105351971158225E-009   8.1915271946651661E-006
  0.85304713669055232        2.7832438527477548       -3.6264440502069930       0.86501088666266468        3.1907752627538173       -3.4991360470230592        8.9264677424008135E-009   1.1502990915884099E-005
  0.86501088666266468        3.1907752627538173       -3.4991360470230592       0.87667231711081395        3.4564018519419544       -3.2037623163506201        1.0023383460002828E-008   1.3258378520453136E-005
  0.87667231711081395        3.4564018519419544       -3.2037623163506201       0.88804219361409931        3.5596315067699020       -2.8084768590526017        5.8422132403781338E-009   7.9208607370505416E-006
  0.88804219361409931        3.5596315067699020       -2.8084768590526017       0.89916063024159010        3.5559420602104606       -2.4247810096679587        2.9540438530488755E-009   4.0826930342109525E-006
  0.89916063024159010        3.5559420602104606       -2.4247810096679587       0.91006739082709809        3.5326605752492144       -2.1424460751433050        6.7351614296176913E-009   9.5219657952826805E-006
  0.91006739082709809        3.5326605752492144       -2.1424460751433050       0.92076797460632376        3.5553057113809805       -1.9871724002111033        9.4666561646443792E-009   1.3643534455587948E-005
  0.92076797460632376        3.5553057113809805       -1.9871724002111033       0.93121482884528572        3.6345381377202171       -1.9150194904233038        6.2570606359533339E-009   9.2316727855849219E-006
  0.93121482884528572        3.6345381377202171       -1.9150194904233038       0.94131690117605715        3.7306351983295927       -1.8442629243593078        1.7734485985178333E-009   2.6857650206065458E-006
  0.94131690117605715        3.7306351983295927       -1.8442629243593078       0.95097497668744846        3.7897251632803730       -1.7051667898717309        3.7959795071144909E-009   6.0595597538607189E-006
  0.95097497668744846        3.7897251632803730       -1.7051667898717309       0.96012483377431157        3.7814324397173307       -1.4733618408011115        2.9352001379486733E-009   4.9464709726408289E-006
  0.96012483377431157        3.7814324397173307       -1.4733618408011115       0.96876583698397245        3.7108333659202968       -1.1686358542488609        1.4805293335523846E-009   2.6420227603763988E-006
  0.96876583698397245        3.7108333659202968       -1.1686358542488609       0.97696222866333093        3.6063305879412955      -0.83234713488327017        4.5750114829442324E-010   8.5827455290138262E-007
  0.97696222866333093        3.6063305879412955      -0.83234713488327017       0.98482100340580059        3.5021426249403969      -0.50632317733471977        1.8249960670153793E-010   3.5720516994281004E-007
  0.98482100340580059        3.5021426249403969      -0.50632317733471977       0.99246242370860427        3.4271445022550875      -0.22253368506216012        5.6205740456185012E-010   1.1337330036154709E-006
  0.99246242370860427        3.4271445022550875      -0.22253368506216012        1.0000000000000000        3.3999999999999999       -9.7971743931789460E-016   8.3018491494139136E-010   1.6986943511470759E-006
