  
 ----------------
 Bad Element Info
 ----------------
  
 Element           23
          9.1137468210648817E-003  -6.9682029924808013        0.0000000000000000     
          1.3175240591352796E-002  -6.9635648224183901        0.0000000000000000     
          1.4708810567175313E-002  -6.9566299366157098        0.0000000000000000     
          8.6138655281088935E-003  -6.9579963055358469        0.0000000000000000     
 Problems:
       Maximum Angle      151.26204956810358     
  
 //////////////////////////////////////////////////
 Element          114
         -2.9626865461221703      -0.44146373720353427        0.0000000000000000     
         -2.2558845915983445       -1.0511644052364046        0.0000000000000000     
         -2.0587311868791920      -0.44068881289247053        0.0000000000000000     
         -2.4679256899678008      -0.34630213852285779        0.0000000000000000     
 Problems:
       Maximum Angle      156.12384326329703     
  
 //////////////////////////////////////////////////
 Element          143
         -1.9270178222789582       0.91465641646559237        0.0000000000000000     
         -1.7854229448285961       0.77553010541514056        0.0000000000000000     
         -1.7544412254381789       0.99820996067173673        0.0000000000000000     
         -1.8650228355917688       0.97116231109212459        0.0000000000000000     
 Problems:
       Maximum Angle      151.39648704134305     
  
 //////////////////////////////////////////////////
 Element          446
          2.6581661175211716E-003  -6.9631948884441952        0.0000000000000000     
         -2.9654797165694635E-003  -6.9706732184406022        0.0000000000000000     
         -1.4492074217642426E-003  -6.9852142480172255        0.0000000000000000     
          3.8287634563277792E-003  -6.9758537573249448        0.0000000000000000     
 Problems:
       Minimum Angle      35.369776371231367     
  
 //////////////////////////////////////////////////
 Element          447
          3.8287634563277792E-003  -6.9758537573249448        0.0000000000000000     
         -1.4492074217642426E-003  -6.9852142480172255        0.0000000000000000     
          0.0000000000000000       -7.0000000000000000        0.0000000000000000     
          5.3674840209616548E-003  -6.9892650319580767        0.0000000000000000     
 Problems:
       Minimum Angle      32.162946949300618     
  
 //////////////////////////////////////////////////
 Element          448
          3.8287634563277792E-003  -6.9758537573249448        0.0000000000000000     
          5.3674840209616548E-003  -6.9892650319580767        0.0000000000000000     
          1.0651899817800681E-002  -6.9786962003643982        0.0000000000000000     
          9.1137468210648817E-003  -6.9682029924808013        0.0000000000000000     
 Problems:
       Minimum Angle      33.110169029378341     
  
 //////////////////////////////////////////////////
 Element          449
          9.1137468210648817E-003  -6.9682029924808013        0.0000000000000000     
          1.0651899817800681E-002  -6.9786962003643982        0.0000000000000000     
          1.5777299554205482E-002  -6.9684454008915893        0.0000000000000000     
          1.3175240591352796E-002  -6.9635648224183901        0.0000000000000000     
 Problems:
       Minimum Angle      34.904394795561004     
  
 //////////////////////////////////////////////////
 Element          568
         -3.4547749298880759      -0.18616486076665908        0.0000000000000000     
         -3.8638133466847551      -0.15622388930343978        0.0000000000000000     
         -3.5594311332155200      -0.72574838250942841        0.0000000000000000     
         -2.9626865461221703      -0.44146373720353427        0.0000000000000000     
 Problems:
       Maximum Angle      156.76589650893817     
  
 //////////////////////////////////////////////////
 Element          609
          1.4130965941328377        3.9019017653183172        0.0000000000000000     
          1.4028477862617645        3.8480255465722752        0.0000000000000000     
          1.4188249517967275        3.7961923732629570        0.0000000000000000     
          1.4501715083444311        3.8686630291718092        0.0000000000000000     
 Problems:
       Maximum Angle      152.09788126303573     
  
 //////////////////////////////////////////////////
 Element          611
          1.3641012341757202        3.8250303077902723        0.0000000000000000     
          1.3440148129161829        3.7687214005615357        0.0000000000000000     
          1.3509440985551739        3.6939747499774502        0.0000000000000000     
          1.3854966310109651        3.7347807496603731        0.0000000000000000     
 Problems:
       Minimum Angle      32.969105685485509     
       Maximum Angle      155.07136030916215     
  
 //////////////////////////////////////////////////
 Element          614
          1.2907220918902398        3.7696766866715055        0.0000000000000000     
          1.2795447219275398        3.8142424682411238        0.0000000000000000     
          1.2528817790144267        3.7443593840317142        0.0000000000000000     
          1.2833072320633283        3.6997492721884386        0.0000000000000000     
 Problems:
       Minimum Angle      34.963379927229816     
       Maximum Angle      159.86746804585340     
  
 //////////////////////////////////////////////////
 Element          617
          1.2207406537712751        3.9206393497388015        0.0000000000000000     
          1.2159198535897440        3.9750196773446294        0.0000000000000000     
          1.1821521043061596        3.9528196112254603        0.0000000000000000     
          1.2024229393945696        3.8784162218058555        0.0000000000000000     
 Problems:
       Maximum Angle      151.48127989446982     
  
 //////////////////////////////////////////////////
  
 ------------------------
 2D Mesh Quality Measures
 ------------------------
  
Signed Area     Aspect Ratio    Condition       Edge Ratio      Jacobian        Minimum Angle   Maximum Angle   Area Sign       
      6.3490E-01      1.3297E+00      1.5553E+00      1.7379E+00      3.5530E-01      5.9852E+01      1.3549E+02      1.0000E+00
      9.2926E-01      1.1498E+00      1.0541E+00      1.2995E+00      7.5921E-01      8.2451E+01      1.0743E+02      1.0000E+00
      9.7820E-01      1.1528E+00      1.0800E+00      1.2339E+00      7.7406E-01      7.7604E+01      1.1219E+02      1.0000E+00
      1.1561E+00      1.0477E+00      1.0232E+00      1.0630E+00      1.1295E+00      7.9239E+01      1.0194E+02      1.0000E+00
      8.6106E-01      1.1635E+00      1.0247E+00      1.3435E+00      7.3342E-01      8.0979E+01      9.9207E+01      1.0000E+00
      6.2537E-01      1.0756E+00      1.0286E+00      1.1180E+00      5.7815E-01      8.0399E+01      1.0336E+02      1.0000E+00
      1.0289E+00      1.1325E+00      1.0925E+00      1.2765E+00      7.9310E-01      7.7582E+01      1.1322E+02      1.0000E+00
      8.9496E-01      1.2203E+00      1.0983E+00      1.4136E+00      7.3578E-01      6.9045E+01      1.1157E+02      1.0000E+00
      5.7555E-01      1.0638E+00      1.0303E+00      1.1350E+00      5.2072E-01      7.9891E+01      1.0337E+02      1.0000E+00
      4.6757E-01      1.0852E+00      1.0290E+00      1.1895E+00      3.9684E-01      8.3764E+01      1.0326E+02      1.0000E+00
      1.6777E-04      2.1394E+00      1.6463E+00      3.0514E+00      7.0342E-05      4.9846E+01      1.3718E+02      1.0000E+00
      6.6442E-04      1.3141E+00      1.2779E+00      1.5558E+00      4.0887E-04      6.7326E+01      1.2766E+02      1.0000E+00
      1.0206E-03      1.1271E+00      1.0515E+00      1.2660E+00      8.2795E-04      8.3130E+01      1.0736E+02      1.0000E+00
      1.2840E-03      1.6105E+00      1.2514E+00      2.0771E+00      8.0476E-04      6.0934E+01      1.2123E+02      1.0000E+00
      2.4034E-03      1.3161E+00      1.2685E+00      1.6693E+00      1.4825E-03      6.7396E+01      1.2543E+02      1.0000E+00
      3.3400E-03      1.1097E+00      1.0196E+00      1.1916E+00      2.9066E-03      8.3338E+01      1.0114E+02      1.0000E+00
      4.9924E-03      1.1257E+00      1.0254E+00      1.2390E+00      4.1394E-03      8.2841E+01      1.0259E+02      1.0000E+00
      8.0661E-03      1.3495E+00      1.0977E+00      1.6127E+00      5.5848E-03      6.8956E+01      1.0669E+02      1.0000E+00
      6.2474E-03      1.6269E+00      1.5943E+00      2.0700E+00      2.3023E-03      6.2553E+01      1.4102E+02      1.0000E+00
      1.3964E-02      1.2052E+00      1.1985E+00      1.3038E+00      1.0708E-02      6.5710E+01      1.2265E+02      1.0000E+00
      1.8056E-02      1.2130E+00      1.1321E+00      1.2624E+00      1.5413E-02      6.2217E+01      1.1194E+02      1.0000E+00
      6.9622E-05      1.8322E+00      1.6523E+00      1.6081E+00      5.7767E-05      3.9919E+01      1.4256E+02      1.0000E+00
      4.1973E-05      1.8097E+00      2.1007E+00      1.6575E+00      2.1053E-05      4.4011E+01      1.5126E+02      1.0000E+00
      7.1349E-05      1.5384E+00      1.3922E+00      1.5101E+00      5.7650E-05      5.2850E+01      1.3256E+02      1.0000E+00
      6.5803E-05      1.2614E+00      1.2037E+00      1.5851E+00      5.2828E-05      7.2491E+01      1.1574E+02      1.0000E+00
      7.7679E-05      1.2982E+00      1.1537E+00      1.4112E+00      6.7681E-05      6.7437E+01      1.1721E+02      1.0000E+00
      8.5822E-05      1.1029E+00      1.0650E+00      1.2618E+00      7.7768E-05      7.4617E+01      1.0532E+02      1.0000E+00
      2.3321E-04      1.1598E+00      1.0728E+00      1.3151E+00      1.9321E-04      6.8868E+01      1.0592E+02      1.0000E+00
      1.7861E-04      1.3504E+00      1.3167E+00      1.7872E+00      1.0678E-04      6.5162E+01      1.2662E+02      1.0000E+00
      6.7222E-05      1.3035E+00      1.0861E+00      1.4958E+00      5.2256E-05      7.2885E+01      1.0108E+02      1.0000E+00
      1.0967E-04      1.4504E+00      1.3459E+00      1.9002E+00      7.2963E-05      5.3362E+01      1.2234E+02      1.0000E+00
      1.2502E-04      1.6123E+00      1.7197E+00      2.3880E+00      6.1247E-05      5.2643E+01      1.3672E+02      1.0000E+00
      2.2283E-04      1.0347E+00      1.0058E+00      1.0738E+00      2.0842E-04      8.7311E+01      9.6105E+01      1.0000E+00
      2.6343E-04      1.1645E+00      1.0379E+00      1.2918E+00      2.2290E-04      7.5951E+01      1.0082E+02      1.0000E+00
      2.4824E-04      1.0589E+00      1.0036E+00      1.1093E+00      2.3141E-04      8.5883E+01      9.3701E+01      1.0000E+00
      3.1472E-04      1.0665E+00      1.0147E+00      1.1320E+00      2.8037E-04      8.0236E+01      9.3966E+01      1.0000E+00
      2.0363E-04      1.3689E+00      1.3010E+00      1.6588E+00      1.1492E-04      6.8235E+01      1.2913E+02      1.0000E+00
      1.0224E-03      1.1313E+00      1.0648E+00      1.3064E+00      8.5730E-04      7.1112E+01      1.0337E+02      1.0000E+00
      8.8575E-04      1.2068E+00      1.1700E+00      1.5245E+00      6.5773E-04      6.9070E+01      1.1601E+02      1.0000E+00
      2.5350E-04      1.1880E+00      1.0690E+00      1.3341E+00      2.0919E-04      7.3542E+01      1.0950E+02      1.0000E+00
      3.7022E-04      1.4763E+00      1.3055E+00      1.9185E+00      2.3532E-04      5.2618E+01      1.1910E+02      1.0000E+00
      5.5257E-04      1.6091E+00      1.4417E+00      2.2534E+00      2.8123E-04      5.8856E+01      1.3140E+02      1.0000E+00
      4.1734E-04      1.3612E+00      1.1673E+00      1.6988E+00      2.3735E-04      5.9009E+01      1.0992E+02      1.0000E+00
      3.7542E-04      1.7833E+00      1.4339E+00      2.4099E+00      1.2639E-04      4.9336E+01      1.3479E+02      1.0000E+00
      9.3682E-04      1.0863E+00      1.0259E+00      1.2004E+00      8.5027E-04      8.3421E+01      1.0061E+02      1.0000E+00
      1.1217E-03      1.1904E+00      1.0484E+00      1.2787E+00      9.7962E-04      7.5816E+01      1.0228E+02      1.0000E+00
      1.1437E-03      1.1019E+00      1.0221E+00      1.1417E+00      1.0741E-03      7.9821E+01      9.9696E+01      1.0000E+00
      1.2591E-03      1.1182E+00      1.0209E+00      1.2168E+00      1.1128E-03      7.9560E+01      9.5279E+01      1.0000E+00
      7.8967E-04      1.3276E+00      1.2871E+00      1.6481E+00      4.5162E-04      6.9833E+01      1.2793E+02      1.0000E+00
      3.8022E-03      1.1723E+00      1.1727E+00      1.2870E+00      2.7282E-03      7.4056E+01      1.2131E+02      1.0000E+00
      3.5301E-03      1.1902E+00      1.1865E+00      1.5083E+00      2.5640E-03      6.9740E+01      1.1758E+02      1.0000E+00
      8.8731E-04      1.2631E+00      1.0776E+00      1.4562E+00      6.0994E-04      7.3404E+01      1.1040E+02      1.0000E+00
      1.3555E-03      1.4647E+00      1.4014E+00      1.9904E+00      8.7638E-04      5.2509E+01      1.2334E+02      1.0000E+00
      1.4977E-03      1.6040E+00      1.4545E+00      2.2873E+00      8.9802E-04      5.2352E+01      1.2627E+02      1.0000E+00
      1.5859E-03      1.3134E+00      1.1317E+00      1.6268E+00      9.2873E-04      6.2100E+01      1.1097E+02      1.0000E+00
      1.4410E-03      1.8148E+00      1.4589E+00      2.4097E+00      4.9583E-04      4.9243E+01      1.3444E+02      1.0000E+00
      5.0449E-03      1.1063E+00      1.0222E+00      1.2243E+00      4.5071E-03      8.0611E+01      9.3347E+01      1.0000E+00
      4.6767E-03      1.1981E+00      1.0564E+00      1.2676E+00      4.1619E-03      7.4984E+01      1.0495E+02      1.0000E+00
      4.4632E-03      1.1814E+00      1.0457E+00      1.2517E+00      3.7963E-03      7.8661E+01      1.0514E+02      1.0000E+00
      5.1168E-03      1.1377E+00      1.0229E+00      1.2362E+00      4.4431E-03      8.0815E+01      9.6343E+01      1.0000E+00
      3.1671E-03      1.3276E+00      1.2956E+00      1.6505E+00      1.8148E-03      6.9211E+01      1.2827E+02      1.0000E+00
      1.6451E-02      1.1328E+00      1.1013E+00      1.2036E+00      1.3058E-02      7.6428E+01      1.1474E+02      1.0000E+00
      1.4012E-02      1.2031E+00      1.1944E+00      1.5136E+00      1.0251E-02      6.8202E+01      1.1821E+02      1.0000E+00
      3.1299E-03      1.1293E+00      1.0320E+00      1.2456E+00      2.5653E-03      8.3321E+01      1.0414E+02      1.0000E+00
      5.3389E-03      1.4762E+00      1.4283E+00      2.0088E+00      3.4392E-03      5.1690E+01      1.2437E+02      1.0000E+00
      6.2348E-03      1.6457E+00      1.5431E+00      2.3100E+00      3.5740E-03      5.1242E+01      1.3148E+02      1.0000E+00
      6.3219E-03      1.3107E+00      1.1282E+00      1.6213E+00      3.7037E-03      6.2440E+01      1.1130E+02      1.0000E+00
      5.7518E-03      1.8267E+00      1.4696E+00      2.4178E+00      1.9659E-03      4.9148E+01      1.3489E+02      1.0000E+00
      1.8489E-02      1.0517E+00      1.0058E+00      1.1135E+00      1.7380E-02      8.6353E+01      9.3195E+01      1.0000E+00
      1.8350E-02      1.1779E+00      1.0505E+00      1.2351E+00      1.6410E-02      7.5069E+01      1.0487E+02      1.0000E+00
      1.7227E-02      1.0347E+00      1.0065E+00      1.0887E+00      1.6524E-02      8.4495E+01      9.4380E+01      1.0000E+00
      2.0384E-02      1.1100E+00      1.0166E+00      1.1898E+00      1.7961E-02      8.0595E+01      9.4530E+01      1.0000E+00
      1.2712E-02      1.3407E+00      1.2946E+00      1.6558E+00      7.2378E-03      6.9104E+01      1.2843E+02      1.0000E+00
      5.8090E-02      1.0820E+00      1.0372E+00      1.2399E+00      5.1301E-02      7.8210E+01      9.9410E+01      1.0000E+00
      1.4944E-02      1.5077E+00      1.3062E+00      1.7405E+00      1.2338E-02      5.2291E+01      1.2023E+02      1.0000E+00
      1.4351E-02      1.3402E+00      1.1404E+00      1.6181E+00      9.7891E-03      7.5797E+01      1.1439E+02      1.0000E+00
      2.4508E-02      1.3947E+00      1.3858E+00      1.8918E+00      1.4738E-02      6.0574E+01      1.2801E+02      1.0000E+00
      1.0710E-01      1.3242E+00      1.1291E+00      1.6531E+00      6.3270E-02      6.4339E+01      1.1278E+02      1.0000E+00
      1.0097E-01      1.8798E+00      1.5834E+00      2.4529E+00      3.2980E-02      5.1647E+01      1.4075E+02      1.0000E+00
      6.8201E-02      1.1206E+00      1.0544E+00      1.1785E+00      6.0320E-02      7.4865E+01      1.0823E+02      1.0000E+00
      5.6640E-02      1.2419E+00      1.1790E+00      1.5942E+00      4.0832E-02      6.8560E+01      1.1658E+02      1.0000E+00
      1.3858E-02      1.1370E+00      1.0594E+00      1.2663E+00      1.1279E-02      8.1570E+01      1.0871E+02      1.0000E+00
      2.2478E-02      1.4874E+00      1.3840E+00      2.0042E+00      1.4200E-02      5.1692E+01      1.2216E+02      1.0000E+00
      2.8986E-02      1.6168E+00      1.4511E+00      2.2775E+00      1.6465E-02      5.4789E+01      1.2913E+02      1.0000E+00
      2.5947E-02      1.3451E+00      1.1507E+00      1.6709E+00      1.4892E-02      6.0407E+01      1.1074E+02      1.0000E+00
      2.3447E-02      1.7902E+00      1.4369E+00      2.4077E+00      7.9760E-03      4.9688E+01      1.3492E+02      1.0000E+00
      8.8419E-02      1.5254E+00      1.4492E+00      2.0888E+00      5.3427E-02      4.8821E+01      1.2266E+02      1.0000E+00
      5.8771E-02      1.1403E+00      1.0761E+00      1.3494E+00      5.0741E-02      7.3059E+01      1.0376E+02      1.0000E+00
      1.1735E-01      1.5536E+00      1.4670E+00      1.8106E+00      7.6730E-02      5.0585E+01      1.3358E+02      1.0000E+00
      6.2590E-02      1.3245E+00      1.3145E+00      1.7651E+00      3.1731E-02      7.1487E+01      1.2893E+02      1.0000E+00
      2.7786E-01      1.2470E+00      1.2759E+00      1.2812E+00      2.0861E-01      6.4506E+01      1.2795E+02      1.0000E+00
      1.9089E-01      1.3126E+00      1.4447E+00      1.4747E+00      1.2160E-01      6.4000E+01      1.3455E+02      1.0000E+00
      2.7967E-01      1.1894E+00      1.0488E+00      1.2836E+00      2.5640E-01      7.8656E+01      1.0172E+02      1.0000E+00
      2.6563E-01      1.1497E+00      1.1008E+00      1.3224E+00      1.9967E-01      7.8900E+01      1.1393E+02      1.0000E+00
      2.8321E-01      1.1027E+00      1.0180E+00      1.1884E+00      2.6484E-01      8.1369E+01      9.5973E+01      1.0000E+00
      2.1100E-01      1.1567E+00      1.1487E+00      1.4294E+00      1.5380E-01      7.3892E+01      1.1609E+02      1.0000E+00
      1.1569E-01      1.3274E+00      1.0900E+00      1.7030E+00      7.4240E-02      6.9120E+01      1.1148E+02      1.0000E+00
      8.8640E-02      1.6905E+00      1.4144E+00      2.2083E+00      3.2388E-02      5.4274E+01      1.3500E+02      1.0000E+00
      3.0745E-01      1.5696E+00      1.6372E+00      2.1321E+00      1.9571E-01      4.5145E+01      1.2740E+02      1.0000E+00
      2.0655E-01      1.1836E+00      1.0716E+00      1.4393E+00      1.5747E-01      7.2736E+01      9.9722E+01      1.0000E+00
      4.0488E-01      1.6014E+00      1.6193E+00      2.1777E+00      2.4963E-01      4.8168E+01      1.3288E+02      1.0000E+00
      2.8102E-01      1.0977E+00      1.0159E+00      1.1537E+00      2.6900E-01      8.3960E+01      9.6571E+01      1.0000E+00
      2.9157E-01      1.2107E+00      1.0603E+00      1.2801E+00      2.5642E-01      7.5264E+01      1.0538E+02      1.0000E+00
      3.4182E-01      1.1076E+00      1.0251E+00      1.2125E+00      3.0820E-01      7.8109E+01      9.6487E+01      1.0000E+00
      3.0770E-01      1.1751E+00      1.0451E+00      1.2500E+00      2.7186E-01      7.8736E+01      1.0379E+02      1.0000E+00
      1.7927E-01      1.2590E+00      1.2964E+00      1.6590E+00      1.0537E-01      7.0970E+01      1.2634E+02      1.0000E+00
      3.8616E-01      1.4226E+00      1.4010E+00      2.0145E+00      2.3175E-01      5.9615E+01      1.2664E+02      1.0000E+00
      2.3154E-01      1.1317E+00      1.0437E+00      1.2886E+00      1.9142E-01      8.4249E+01      1.0525E+02      1.0000E+00
      4.2045E-01      1.5072E+00      1.3615E+00      1.9678E+00      2.5570E-01      5.7716E+01      1.2811E+02      1.0000E+00
      2.6786E-01      1.1796E+00      1.0424E+00      1.2704E+00      2.3098E-01      8.0724E+01      1.0289E+02      1.0000E+00
      4.6548E-01      1.2518E+00      1.0632E+00      1.3926E+00      3.8284E-01      7.4828E+01      1.0367E+02      1.0000E+00
      3.1846E-01      1.3775E+00      1.2084E+00      1.8910E+00      1.8528E-01      7.1336E+01      1.2024E+02      1.0000E+00
      2.0142E-01      1.3022E+00      1.4313E+00      1.7907E+00      1.4085E-01      5.9266E+01      1.2485E+02      1.0000E+00
      3.1866E-01      1.8298E+00      2.5117E+00      2.2228E+00      8.5638E-02      5.1669E+01      1.5612E+02      1.0000E+00
      2.0685E-01      1.1757E+00      1.1797E+00      1.6692E+00      1.5135E-01      7.3480E+01      1.0878E+02      1.0000E+00
      1.8635E-01      1.2325E+00      1.1166E+00      1.6630E+00      1.2528E-01      7.1898E+01      1.0856E+02      1.0000E+00
      4.2287E-01      1.9071E+00      1.5941E+00      2.5199E+00      1.9503E-01      5.1305E+01      1.3780E+02      1.0000E+00
      2.1161E-01      1.1573E+00      1.0763E+00      1.4567E+00      1.5718E-01      7.4726E+01      1.0353E+02      1.0000E+00
      3.4385E-01      1.5985E+00      1.3407E+00      2.4558E+00      1.9306E-01      5.8990E+01      1.1867E+02      1.0000E+00
      4.7753E-01      1.1624E+00      1.0401E+00      1.2636E+00      4.0927E-01      7.5564E+01      1.0122E+02      1.0000E+00
      2.9755E-01      1.6023E+00      1.2690E+00      2.3170E+00      1.4156E-01      5.5011E+01      1.1960E+02      1.0000E+00
      1.2442E-01      1.5472E+00      1.3988E+00      2.0199E+00      6.8977E-02      4.5637E+01      1.1299E+02      1.0000E+00
      1.0285E-01      1.6861E+00      1.3423E+00      1.9409E+00      6.0376E-02      5.9392E+01      1.2806E+02      1.0000E+00
      1.3292E-01      1.4075E+00      1.1529E+00      1.7066E+00      9.3562E-02      6.7641E+01      1.0539E+02      1.0000E+00
      8.2562E-02      1.5029E+00      1.3258E+00      1.5957E+00      6.3586E-02      5.0128E+01      1.2655E+02      1.0000E+00
      1.0093E-01      1.7028E+00      1.6612E+00      2.0621E+00      5.2456E-02      4.9508E+01      1.4034E+02      1.0000E+00
      5.8798E-02      1.1826E+00      1.0611E+00      1.4027E+00      4.8684E-02      7.5580E+01      9.5150E+01      1.0000E+00
      7.9984E-02      1.4434E+00      1.3811E+00      1.9036E+00      5.4244E-02      5.3540E+01      1.2451E+02      1.0000E+00
      6.5984E-02      1.6380E+00      1.2901E+00      1.8278E+00      4.4642E-02      6.6990E+01      1.1738E+02      1.0000E+00
      7.3460E-02      1.1494E+00      1.0730E+00      1.3113E+00      6.3263E-02      7.8613E+01      1.0832E+02      1.0000E+00
      6.8968E-02      1.0722E+00      1.0388E+00      1.1436E+00      6.4586E-02      7.5161E+01      1.0375E+02      1.0000E+00
      2.9505E-02      1.7469E+00      1.4532E+00      2.1602E+00      1.5285E-02      5.4683E+01      1.3468E+02      1.0000E+00
      1.1472E-01      1.6710E+00      1.6041E+00      2.2094E+00      5.5463E-02      5.3850E+01      1.3806E+02      1.0000E+00
      8.4269E-02      1.3879E+00      1.2527E+00      1.8020E+00      5.6637E-02      5.6478E+01      1.1659E+02      1.0000E+00
      6.0462E-02      1.1081E+00      1.0431E+00      1.2652E+00      4.9236E-02      8.3401E+01      1.0536E+02      1.0000E+00
      1.3324E-01      1.6963E+00      1.5238E+00      2.3031E+00      7.4410E-02      5.1310E+01      1.3270E+02      1.0000E+00
      6.8434E-02      1.1399E+00      1.0404E+00      1.2227E+00      5.8144E-02      8.0327E+01      1.0593E+02      1.0000E+00
      1.3601E-01      1.4807E+00      1.3304E+00      2.1610E+00      8.3833E-02      6.0343E+01      1.2137E+02      1.0000E+00
      6.9137E-02      1.1116E+00      1.0197E+00      1.1961E+00      6.1203E-02      8.1741E+01      1.0092E+02      1.0000E+00
      8.1664E-02      1.0794E+00      1.0070E+00      1.1372E+00      7.4092E-02      8.4149E+01      9.4885E+01      1.0000E+00
      7.0153E-02      1.1774E+00      1.0894E+00      1.3701E+00      5.3550E-02      8.1227E+01      1.1214E+02      1.0000E+00
      3.3388E-02      1.4576E+00      1.2074E+00      1.8345E+00      2.3008E-02      5.9458E+01      1.1834E+02      1.0000E+00
      2.0206E-02      1.7276E+00      2.1870E+00      2.6802E+00      4.5717E-03      5.3425E+01      1.5140E+02      1.0000E+00
      9.0775E-02      1.0642E+00      1.0163E+00      1.1646E+00      8.1213E-02      8.0462E+01      9.5489E+01      1.0000E+00
      1.2018E-01      1.0660E+00      1.0176E+00      1.1582E+00      1.0844E-01      8.4783E+01      9.9588E+01      1.0000E+00
      1.0752E-01      1.1247E+00      1.0507E+00      1.2923E+00      9.0358E-02      7.3147E+01      1.0050E+02      1.0000E+00
      3.0981E-01      1.9271E+00      1.5735E+00      2.8528E+00      1.6021E-01      4.9221E+01      1.3097E+02      1.0000E+00
      1.1904E-01      1.0781E+00      1.0452E+00      1.1242E+00      1.0678E-01      7.8930E+01      1.0677E+02      1.0000E+00
      3.0191E-01      1.8018E+00      1.4357E+00      2.7891E+00      1.4852E-01      5.3127E+01      1.2227E+02      1.0000E+00
      4.4585E-01      1.5512E+00      1.3425E+00      2.1641E+00      2.5481E-01      6.0082E+01      1.2590E+02      1.0000E+00
      3.5707E-01      1.6365E+00      1.3782E+00      2.0937E+00      2.2452E-01      5.0943E+01      1.2656E+02      1.0000E+00
      2.4678E-01      1.2967E+00      1.0833E+00      1.4556E+00      1.8959E-01      7.7006E+01      1.0754E+02      1.0000E+00
      4.6826E-01      1.1170E+00      1.0384E+00      1.1958E+00      4.2483E-01      7.5030E+01      1.0449E+02      1.0000E+00
      3.5353E-01      1.0868E+00      1.0825E+00      1.1896E+00      3.0792E-01      7.3188E+01      1.1099E+02      1.0000E+00
      3.8965E-01      1.1889E+00      1.1386E+00      1.4148E+00      3.1384E-01      6.4092E+01      1.1131E+02      1.0000E+00
      2.6274E-01      1.3435E+00      1.1718E+00      1.5466E+00      1.7940E-01      7.1665E+01      1.2088E+02      1.0000E+00
      2.4561E-01      1.5154E+00      1.2248E+00      1.7626E+00      1.4981E-01      6.7670E+01      1.2245E+02      1.0000E+00
      2.1619E-01      1.1773E+00      1.1340E+00      1.3027E+00      1.7650E-01      6.7917E+01      1.1667E+02      1.0000E+00
      1.7161E-01      1.3206E+00      1.2008E+00      1.6591E+00      1.0473E-01      7.2280E+01      1.2220E+02      1.0000E+00
      2.1913E-02      1.9214E+00      1.5440E+00      2.3898E+00      1.1947E-02      4.7654E+01      1.3575E+02      1.0000E+00
      1.4706E-02      1.2604E+00      1.0665E+00      1.4054E+00      1.1205E-02      7.5480E+01      1.0441E+02      1.0000E+00
      2.4650E-02      1.4303E+00      1.2426E+00      2.0197E+00      1.4836E-02      6.6812E+01      1.1985E+02      1.0000E+00
      1.3451E-02      1.2772E+00      1.3919E+00      1.4977E+00      7.0660E-03      7.2412E+01      1.3389E+02      1.0000E+00
      2.8860E-02      1.2211E+00      1.0615E+00      1.4388E+00      2.3584E-02      7.3867E+01      1.0643E+02      1.0000E+00
      1.6674E-02      1.1807E+00      1.0546E+00      1.3675E+00      1.2422E-02      7.8552E+01      1.0811E+02      1.0000E+00
      2.4870E-02      1.4496E+00      1.3763E+00      1.9817E+00      1.4137E-02      6.1456E+01      1.2847E+02      1.0000E+00
      2.6838E-02      1.4760E+00      1.2613E+00      1.9661E+00      1.6134E-02      6.3780E+01      1.2342E+02      1.0000E+00
      4.9748E-02      1.7560E+00      1.3360E+00      2.2264E+00      2.8442E-02      5.9965E+01      1.2443E+02      1.0000E+00
      4.1658E-02      1.2773E+00      1.0801E+00      1.5651E+00      2.9025E-02      7.4946E+01      1.1073E+02      1.0000E+00
      5.6475E-02      1.4943E+00      1.2252E+00      1.8057E+00      3.2631E-02      6.7615E+01      1.2484E+02      1.0000E+00
      6.0807E-02      1.5734E+00      1.3977E+00      2.1725E+00      3.3734E-02      4.8428E+01      1.1821E+02      1.0000E+00
      4.5890E-02      1.2552E+00      1.0762E+00      1.5923E+00      3.2992E-02      7.2473E+01      1.0484E+02      1.0000E+00
      9.2275E-02      1.7085E+00      1.6227E+00      2.3468E+00      4.5450E-02      5.2187E+01      1.3695E+02      1.0000E+00
      7.0068E-02      1.0339E+00      1.0065E+00      1.0641E+00      6.7778E-02      8.3963E+01      9.6211E+01      1.0000E+00
      6.9574E-02      1.0671E+00      1.0099E+00      1.1357E+00      6.5686E-02      8.3337E+01      9.3522E+01      1.0000E+00
      8.3333E-02      1.0398E+00      1.0056E+00      1.0976E+00      7.6937E-02      8.6923E+01      9.5693E+01      1.0000E+00
      7.8514E-02      1.0782E+00      1.0162E+00      1.1429E+00      7.4390E-02      8.0785E+01      9.6642E+01      1.0000E+00
      1.1637E-01      1.0841E+00      1.0200E+00      1.1363E+00      1.0692E-01      8.0577E+01      1.0117E+02      1.0000E+00
      1.0046E-01      1.1846E+00      1.0956E+00      1.3362E+00      8.4920E-02      6.7448E+01      1.1092E+02      1.0000E+00
      9.7033E-02      1.0516E+00      1.0251E+00      1.0500E+00      9.5974E-02      7.7549E+01      1.0246E+02      1.0000E+00
      1.0998E-01      1.6679E+00      1.4992E+00      2.2760E+00      5.3370E-02      5.7026E+01      1.3454E+02      1.0000E+00
      5.9794E-02      1.2921E+00      1.1976E+00      1.6462E+00      3.6295E-02      7.4090E+01      1.2171E+02      1.0000E+00
      5.7106E-02      1.4652E+00      1.3106E+00      1.8647E+00      3.2745E-02      4.9734E+01      1.0845E+02      1.0000E+00
      7.9807E-02      1.0714E+00      1.0200E+00      1.0932E+00      7.6856E-02      7.9393E+01      1.0026E+02      1.0000E+00
      6.1796E-02      1.3252E+00      1.3961E+00      1.5436E+00      3.0861E-02      7.2506E+01      1.3424E+02      1.0000E+00
      5.6065E-02      1.3247E+00      1.4235E+00      1.5037E+00      2.9044E-02      6.9932E+01      1.3535E+02      1.0000E+00
      1.5556E-01      1.4003E+00      1.2228E+00      2.0019E+00      8.0740E-02      6.4983E+01      1.2159E+02      1.0000E+00
      2.6817E-01      1.2233E+00      1.0467E+00      1.3254E+00      2.2343E-01      7.7454E+01      9.9425E+01      1.0000E+00
      3.0459E-01      1.1529E+00      1.0593E+00      1.2631E+00      2.5944E-01      7.1098E+01      1.0165E+02      1.0000E+00
      2.5557E-01      1.0443E+00      1.0100E+00      1.0911E+00      2.3888E-01      8.1932E+01      9.5355E+01      1.0000E+00
      2.4395E-01      1.2003E+00      1.0412E+00      1.3476E+00      2.0065E-01      7.9648E+01      1.0342E+02      1.0000E+00
      2.6274E-01      1.0291E+00      1.0051E+00      1.0691E+00      2.5632E-01      8.5125E+01      9.4293E+01      1.0000E+00
      2.6745E-01      1.1679E+00      1.0292E+00      1.3080E+00      2.2540E-01      7.8609E+01      9.8639E+01      1.0000E+00
      2.9854E-01      1.1063E+00      1.0288E+00      1.1713E+00      2.7247E-01      7.7194E+01      9.9522E+01      1.0000E+00
      1.8334E-01      1.3353E+00      1.2809E+00      1.7053E+00      1.0558E-01      6.9399E+01      1.2686E+02      1.0000E+00
      2.1365E-01      1.5146E+00      1.5322E+00      1.7745E+00      1.3918E-01      4.9824E+01      1.3517E+02      1.0000E+00
      2.5568E-01      1.1191E+00      1.0798E+00      1.2293E+00      2.2554E-01      6.8593E+01      1.0893E+02      1.0000E+00
      1.5584E-01      1.3552E+00      1.3867E+00      1.7587E+00      9.0213E-02      6.3185E+01      1.3046E+02      1.0000E+00
      2.5630E-01      1.1737E+00      1.0602E+00      1.3556E+00      2.1603E-01      7.4067E+01      1.0656E+02      1.0000E+00
      2.6794E-01      1.0712E+00      1.0057E+00      1.1134E+00      2.5180E-01      8.6493E+01      9.4233E+01      1.0000E+00
      2.5816E-01      1.0265E+00      1.0018E+00      1.0478E+00      2.5054E-01      8.8080E+01      9.3340E+01      1.0000E+00
      2.6889E-01      1.2045E+00      1.2550E+00      1.2548E+00      1.8397E-01      6.9501E+01      1.2717E+02      1.0000E+00
      2.8918E-01      1.1240E+00      1.0219E+00      1.1813E+00      2.6141E-01      8.0269E+01      9.7885E+01      1.0000E+00
      8.8012E-02      1.7533E+00      1.6627E+00      2.3037E+00      3.9819E-02      5.2718E+01      1.4016E+02      1.0000E+00
      5.1649E-02      1.2481E+00      1.1441E+00      1.6032E+00      3.2129E-02      7.3629E+01      1.1729E+02      1.0000E+00
      4.7820E-02      1.4438E+00      1.2813E+00      1.7999E+00      2.8555E-02      5.1345E+01      1.0912E+02      1.0000E+00
      1.4627E-01      1.4661E+00      1.5215E+00      2.0839E+00      6.8543E-02      6.3456E+01      1.3499E+02      1.0000E+00
      2.9406E-01      1.1574E+00      1.0441E+00      1.2153E+00      2.6610E-01      7.5657E+01      1.0359E+02      1.0000E+00
      2.5598E-01      1.2634E+00      1.2034E+00      1.4011E+00      1.7257E-01      7.0151E+01      1.2369E+02      1.0000E+00
      8.8165E-02      1.6915E+00      1.5861E+00      2.3666E+00      4.4142E-02      5.3084E+01      1.3530E+02      1.0000E+00
      2.7417E-01      1.0468E+00      1.0040E+00      1.0848E+00      2.6852E-01      8.6665E+01      9.2658E+01      1.0000E+00
      2.8139E-01      1.1721E+00      1.0384E+00      1.2827E+00      2.4265E-01      7.6799E+01      1.0156E+02      1.0000E+00
      2.9281E-01      1.0470E+00      1.0098E+00      1.1098E+00      2.7887E-01      8.3025E+01      9.5351E+01      1.0000E+00
      2.9133E-01      1.1521E+00      1.0375E+00      1.2147E+00      2.5898E-01      7.6615E+01      1.0170E+02      1.0000E+00
      1.8273E-01      1.2921E+00      1.2151E+00      1.6754E+00      1.1557E-01      7.0523E+01      1.2144E+02      1.0000E+00
      3.3262E-01      1.3677E+00      1.4789E+00      1.9981E+00      1.8243E-01      6.2400E+01      1.2998E+02      1.0000E+00
      1.9629E-01      1.1525E+00      1.0459E+00      1.3391E+00      1.5121E-01      7.3540E+01      9.9942E+01      1.0000E+00
      2.9774E-01      1.4196E+00      1.4348E+00      1.7983E+00      1.9572E-01      5.4666E+01      1.3008E+02      1.0000E+00
      2.6181E-01      1.0476E+00      1.0119E+00      1.0747E+00      2.4938E-01      8.3451E+01      9.8725E+01      1.0000E+00
      2.6813E-01      1.0280E+00      1.0030E+00      1.0517E+00      2.6351E-01      8.6008E+01      9.3145E+01      1.0000E+00
      3.0255E-01      1.1024E+00      1.0321E+00      1.1251E+00      2.8415E-01      7.6633E+01      1.0311E+02      1.0000E+00
      2.8619E-01      1.0640E+00      1.0136E+00      1.1052E+00      2.7253E-01      8.1224E+01      9.6896E+01      1.0000E+00
      2.5350E-01      1.0224E+00      1.0034E+00      1.0680E+00      2.4715E-01      8.7017E+01      9.2887E+01      1.0000E+00
      2.6474E-01      1.0364E+00      1.0042E+00      1.0663E+00      2.5699E-01      8.5239E+01      9.3379E+01      1.0000E+00
      2.9926E-03      1.8721E+00      1.5400E+00      2.0781E+00      1.9173E-03      5.3354E+01      1.3239E+02      1.0000E+00
      1.9348E-03      1.7746E+00      1.5476E+00      2.7279E+00      1.1824E-03      5.3275E+01      1.1291E+02      1.0000E+00
      2.4743E-03      1.5201E+00      1.5244E+00      2.6679E+00      1.5482E-03      6.9724E+01      1.0623E+02      1.0000E+00
      3.8185E-03      1.3737E+00      1.3557E+00      1.7245E+00      2.7699E-03      6.8158E+01      1.2555E+02      1.0000E+00
      4.1149E-03      1.4889E+00      1.2443E+00      1.8179E+00      3.4263E-03      7.2092E+01      1.1145E+02      1.0000E+00
      4.6468E-03      1.4223E+00      1.1878E+00      1.7016E+00      4.0611E-03      6.6684E+01      1.1213E+02      1.0000E+00
      4.0638E-03      1.1775E+00      1.0607E+00      1.4140E+00      3.7661E-03      8.6807E+01      9.5746E+01      1.0000E+00
      3.0386E-03      1.8040E+00      1.5017E+00      2.0327E+00      1.8518E-03      5.7204E+01      1.3146E+02      1.0000E+00
      3.7877E-03      1.2085E+00      1.1146E+00      1.5235E+00      3.3581E-03      7.9182E+01      1.0340E+02      1.0000E+00
      1.0651E-02      1.5041E+00      1.3020E+00      1.7186E+00      7.0417E-03      5.7316E+01      1.2841E+02      1.0000E+00
      8.5843E-02      1.0267E+00      1.0103E+00      1.0700E+00      8.1800E-02      8.3786E+01      9.7702E+01      1.0000E+00
      3.4001E-02      1.4603E+00      1.2793E+00      1.8752E+00      2.0198E-02      6.3620E+01      1.2590E+02      1.0000E+00
      6.7744E-02      1.1597E+00      1.0320E+00      1.2793E+00      5.9374E-02      7.8388E+01      1.0149E+02      1.0000E+00
      9.3925E-02      1.5184E+00      1.3225E+00      2.0314E+00      5.7449E-02      5.9001E+01      1.2547E+02      1.0000E+00
      5.5165E-02      1.0846E+00      1.0316E+00      1.1599E+00      4.7613E-02      8.3611E+01      1.0413E+02      1.0000E+00
      9.9944E-02      1.5797E+00      1.4003E+00      2.1037E+00      5.5229E-02      5.7928E+01      1.3040E+02      1.0000E+00
      4.2966E-02      1.2769E+00      1.0835E+00      1.4667E+00      3.3397E-02      7.0168E+01      1.0583E+02      1.0000E+00
      6.4518E-02      1.0808E+00      1.0091E+00      1.1681E+00      5.8177E-02      8.2837E+01      9.4704E+01      1.0000E+00
      6.3417E-02      1.0926E+00      1.0199E+00      1.1359E+00      5.7553E-02      8.1961E+01      1.0133E+02      1.0000E+00
      2.7728E-02      1.3303E+00      1.2928E+00      1.7351E+00      1.7190E-02      6.5391E+01      1.2545E+02      1.0000E+00
      1.5641E-02      1.1954E+00      1.0670E+00      1.2546E+00      1.3960E-02      7.2153E+01      1.0761E+02      1.0000E+00
      2.7573E-02      1.5234E+00      1.3331E+00      2.0236E+00      1.6281E-02      5.9643E+01      1.2694E+02      1.0000E+00
      5.2707E-02      1.0874E+00      1.0278E+00      1.2110E+00      4.4184E-02      8.4255E+01      1.0271E+02      1.0000E+00
      1.0392E-01      1.6961E+00      1.6128E+00      2.2989E+00      5.2246E-02      5.2010E+01      1.3684E+02      1.0000E+00
      8.0694E-02      1.4764E+00      1.3219E+00      1.9325E+00      5.1836E-02      5.2901E+01      1.2045E+02      1.0000E+00
      2.4147E-01      1.1570E+00      1.0302E+00      1.2791E+00      2.0341E-01      8.0496E+01      1.0317E+02      1.0000E+00
      2.4474E-01      1.0281E+00      1.0023E+00      1.0559E+00      2.3703E-01      8.8145E+01      9.3641E+01      1.0000E+00
      2.4758E-01      1.1518E+00      1.0462E+00      1.2851E+00      2.1632E-01      7.4929E+01      1.0522E+02      1.0000E+00
      2.3878E-01      1.0098E+00      1.0010E+00      1.0187E+00      2.3541E-01      8.8210E+01      9.2595E+01      1.0000E+00
      2.2288E-01      1.0291E+00      1.0035E+00      1.0764E+00      2.1255E-01      8.6013E+01      9.2323E+01      1.0000E+00
      2.2660E-01      1.0216E+00      1.0063E+00      1.0432E+00      2.1821E-01      8.5333E+01      9.6363E+01      1.0000E+00
      3.7270E-01      1.0920E+00      1.0355E+00      1.1277E+00      3.4886E-01      7.5355E+01      1.0234E+02      1.0000E+00
      3.2749E-01      1.1003E+00      1.0328E+00      1.1751E+00      3.0045E-01      7.6011E+01      9.9664E+01      1.0000E+00
      3.9072E-01      1.1618E+00      1.1019E+00      1.3747E+00      3.2288E-01      6.7902E+01      1.0747E+02      1.0000E+00
      2.7999E-01      1.0528E+00      1.0090E+00      1.1087E+00      2.6695E-01      8.2782E+01      9.4917E+01      1.0000E+00
      2.7766E-01      1.0619E+00      1.0157E+00      1.1581E+00      2.6752E-01      8.4396E+01      9.5632E+01      1.0000E+00
      3.2953E-03      1.2421E+00      1.1191E+00      1.5526E+00      3.0691E-03      7.9936E+01      1.0104E+02      1.0000E+00
      3.5969E-03      1.1746E+00      1.0550E+00      1.3739E+00      3.3120E-03      8.4858E+01      9.9494E+01      1.0000E+00
      3.9514E-03      1.1242E+00      1.0278E+00      1.2645E+00      3.6641E-03      8.6576E+01      9.4865E+01      1.0000E+00
      4.3432E-03      1.1081E+00      1.0191E+00      1.2061E+00      4.0195E-03      8.1528E+01      9.5119E+01      1.0000E+00
      3.8824E-03      1.1256E+00      1.0304E+00      1.2713E+00      3.7614E-03      8.5826E+01      9.5133E+01      1.0000E+00
      4.2019E-03      1.0813E+00      1.0160E+00      1.1904E+00      4.0462E-03      8.6922E+01      9.2194E+01      1.0000E+00
      3.8681E-03      1.0657E+00      1.0104E+00      1.1507E+00      3.7427E-03      8.7086E+01      9.3891E+01      1.0000E+00
      4.1294E-03      1.0394E+00      1.0023E+00      1.0696E+00      4.0732E-03      8.8617E+01      9.1142E+01      1.0000E+00
      5.0588E-03      1.2303E+00      1.0827E+00      1.4972E+00      3.9576E-03      7.6478E+01      1.0182E+02      1.0000E+00
      4.8233E-03      1.1241E+00      1.0286E+00      1.2693E+00      4.0421E-03      8.0134E+01      9.8719E+01      1.0000E+00
      3.4710E-03      1.3962E+00      1.3735E+00      1.5195E+00      2.2698E-03      5.7853E+01      1.3247E+02      1.0000E+00
      4.0724E-03      1.0360E+00      1.0045E+00      1.0943E+00      3.9446E-03      8.7750E+01      9.2901E+01      1.0000E+00
      4.1861E-03      1.0243E+00      1.0032E+00      1.0562E+00      4.0388E-03      8.6609E+01      9.4266E+01      1.0000E+00
      4.3034E-03      1.0300E+00      1.0018E+00      1.0624E+00      4.2356E-03      8.9086E+01      9.0882E+01      1.0000E+00
      4.9038E-03      1.0530E+00      1.0103E+00      1.1112E+00      4.4718E-03      8.1821E+01      9.3519E+01      1.0000E+00
      3.1914E-03      1.1501E+00      1.0310E+00      1.2771E+00      2.5080E-03      7.8397E+01      1.0322E+02      1.0000E+00
      4.5320E-03      1.5477E+00      1.4307E+00      1.8938E+00      3.0544E-03      4.8554E+01      1.2835E+02      1.0000E+00
      5.5032E-03      1.5008E+00      1.4372E+00      2.0882E+00      3.2916E-03      5.6158E+01      1.2843E+02      1.0000E+00
      9.7845E-03      1.0793E+00      1.0431E+00      1.1807E+00      8.8548E-03      7.8653E+01      1.0477E+02      1.0000E+00
      5.0672E-03      1.1091E+00      1.0331E+00      1.2089E+00      4.4883E-03      7.5786E+01      9.7776E+01      1.0000E+00
      6.9449E-03      1.0856E+00      1.0439E+00      1.2063E+00      6.2004E-03      7.4788E+01      1.0324E+02      1.0000E+00
      1.2494E-02      1.1323E+00      1.0878E+00      1.1793E+00      1.0308E-02      7.5341E+01      1.1317E+02      1.0000E+00
      1.3504E-02      1.1674E+00      1.0516E+00      1.2696E+00      1.1352E-02      7.6204E+01      1.0769E+02      1.0000E+00
      1.6014E-02      1.0756E+00      1.0412E+00      1.1443E+00      1.3872E-02      8.0634E+01      1.0605E+02      1.0000E+00
      3.6651E-03      1.1561E+00      1.0752E+00      1.2845E+00      2.8596E-03      7.8104E+01      1.1133E+02      1.0000E+00
      5.6069E-03      1.4858E+00      1.3351E+00      1.9703E+00      3.5126E-03      5.8366E+01      1.2591E+02      1.0000E+00
      6.4654E-03      1.4524E+00      1.2608E+00      1.9766E+00      3.8542E-03      6.5001E+01      1.2276E+02      1.0000E+00
      1.3758E-02      1.0842E+00      1.0530E+00      1.3039E+00      1.2023E-02      7.9424E+01      1.0048E+02      1.0000E+00
      1.4747E-02      1.0341E+00      1.0087E+00      1.0758E+00      1.3858E-02      8.5225E+01      9.7350E+01      1.0000E+00
      6.1840E-03      1.5760E+00      1.5618E+00      2.1083E+00      3.0854E-03      5.6233E+01      1.3653E+02      1.0000E+00
      8.1257E-03      1.4309E+00      1.1777E+00      1.8165E+00      5.5139E-03      6.0826E+01      1.1500E+02      1.0000E+00
      2.8585E-03      1.3314E+00      1.3941E+00      1.6751E+00      1.3995E-03      7.4396E+01      1.3356E+02      1.0000E+00
      6.8376E-03      1.5541E+00      1.3282E+00      2.0083E+00      3.9909E-03      5.9435E+01      1.2785E+02      1.0000E+00
      4.0789E-03      1.2048E+00      1.0604E+00      1.3826E+00      3.2249E-03      8.1482E+01      1.0616E+02      1.0000E+00
      6.7512E-03      1.4982E+00      1.3406E+00      2.1368E+00      3.7076E-03      6.3293E+01      1.2598E+02      1.0000E+00
      3.5505E-03      1.2993E+00      1.0837E+00      1.4401E+00      2.8514E-03      7.3039E+01      1.0383E+02      1.0000E+00
      5.8825E-03      1.8181E+00      1.5752E+00      2.3346E+00      3.4207E-03      4.6709E+01      1.3469E+02      1.0000E+00
      6.6908E-03      1.4445E+00      1.4168E+00      2.1366E+00      3.7475E-03      6.1364E+01      1.2683E+02      1.0000E+00
      1.6177E-02      1.1428E+00      1.0345E+00      1.2041E+00      1.4058E-02      7.8921E+01      1.0478E+02      1.0000E+00
      1.7128E-02      1.1031E+00      1.0291E+00      1.2270E+00      1.4513E-02      8.5309E+01      1.0286E+02      1.0000E+00
      1.7965E-02      1.0800E+00      1.0138E+00      1.1636E+00      1.5460E-02      8.0542E+01      9.6565E+01      1.0000E+00
      7.9640E-03      1.3984E+00      1.1418E+00      1.8565E+00      5.0742E-03      6.4431E+01      1.0773E+02      1.0000E+00
      5.1628E-03      1.7819E+00      1.6629E+00      2.7326E+00      1.4575E-03      4.9720E+01      1.4170E+02      1.0000E+00
      1.2116E-02      1.0951E+00      1.0255E+00      1.1803E+00      1.1253E-02      8.2585E+01      1.0128E+02      1.0000E+00
      1.3429E-02      1.0629E+00      1.0117E+00      1.1327E+00      1.2890E-02      8.5189E+01      9.6677E+01      1.0000E+00
      1.4824E-02      1.0591E+00      1.0065E+00      1.1053E+00      1.3890E-02      8.6858E+01      9.6003E+01      1.0000E+00
      1.7864E-02      1.0309E+00      1.0027E+00      1.0692E+00      1.7159E-02      8.6068E+01      9.3217E+01      1.0000E+00
      1.5612E-02      1.0657E+00      1.0046E+00      1.0919E+00      1.4958E-02      8.7340E+01      9.2440E+01      1.0000E+00
      1.9684E-02      1.0625E+00      1.0104E+00      1.1182E+00      1.7696E-02      8.1780E+01      9.3370E+01      1.0000E+00
      1.5104E-02      1.0294E+00      1.0086E+00      1.1106E+00      1.4300E-02      8.5379E+01      9.4521E+01      1.0000E+00
      1.9398E-02      1.0784E+00      1.0146E+00      1.1862E+00      1.7273E-02      8.5085E+01      9.7518E+01      1.0000E+00
      1.2738E-02      1.1210E+00      1.0451E+00      1.2284E+00      1.0235E-02      8.3895E+01      1.0686E+02      1.0000E+00
      2.2187E-02      1.5124E+00      1.3670E+00      2.0539E+00      1.3055E-02      5.8764E+01      1.2747E+02      1.0000E+00
      2.2222E-02      1.5089E+00      1.3469E+00      2.0991E+00      1.3083E-02      5.9867E+01      1.2568E+02      1.0000E+00
      6.0540E-02      1.1852E+00      1.1573E+00      1.3306E+00      4.2719E-02      7.4333E+01      1.1999E+02      1.0000E+00
      6.3090E-02      1.1488E+00      1.0561E+00      1.2888E+00      5.4324E-02      7.4364E+01      1.0689E+02      1.0000E+00
      1.1987E-02      1.2776E+00      1.0732E+00      1.5718E+00      8.6619E-03      7.0569E+01      1.0323E+02      1.0000E+00
      1.8112E-02      1.7035E+00      1.4389E+00      2.4256E+00      9.4856E-03      4.8734E+01      1.2225E+02      1.0000E+00
      2.2688E-02      1.6355E+00      1.5811E+00      2.2627E+00      1.2121E-02      5.2366E+01      1.3452E+02      1.0000E+00
      2.2400E-02      1.4872E+00      1.2874E+00      1.9952E+00      1.4522E-02      5.6855E+01      1.2029E+02      1.0000E+00
      1.3552E-02      1.0828E+00      1.0321E+00      1.1776E+00      1.1605E-02      8.3433E+01      1.0400E+02      1.0000E+00
      2.6421E-02      1.6942E+00      1.5575E+00      2.2817E+00      1.3341E-02      5.3349E+01      1.3571E+02      1.0000E+00
      6.7405E-02      1.1527E+00      1.0451E+00      1.2180E+00      6.0236E-02      7.5146E+01      1.0561E+02      1.0000E+00
      6.3242E-02      1.1895E+00      1.0486E+00      1.3518E+00      5.3516E-02      7.4644E+01      1.0483E+02      1.0000E+00
      1.2727E-02      1.1058E+00      1.0345E+00      1.2646E+00      1.0902E-02      8.4044E+01      1.0229E+02      1.0000E+00
      2.7433E-02      1.6658E+00      1.5922E+00      2.2615E+00      1.3702E-02      5.3358E+01      1.3654E+02      1.0000E+00
      1.9865E-02      1.5045E+00      1.3705E+00      2.0346E+00      1.2275E-02      5.1664E+01      1.2117E+02      1.0000E+00
      2.0473E-02      1.4784E+00      1.3245E+00      1.9173E+00      1.3196E-02      5.2342E+01      1.2068E+02      1.0000E+00
      1.3298E-02      1.0825E+00      1.0297E+00      1.1932E+00      1.1223E-02      8.4123E+01      1.0335E+02      1.0000E+00
      2.6775E-02      1.6769E+00      1.5941E+00      2.3061E+00      1.3505E-02      5.2845E+01      1.3597E+02      1.0000E+00
      8.0466E-02      1.4795E+00      1.3211E+00      1.9221E+00      5.1958E-02      5.2740E+01      1.2078E+02      1.0000E+00
      5.2075E-02      1.0790E+00      1.0299E+00      1.1877E+00      4.4351E-02      8.3530E+01      1.0330E+02      1.0000E+00
      1.0482E-01      1.6955E+00      1.5833E+00      2.3100E+00      5.3003E-02      5.2633E+01      1.3592E+02      1.0000E+00
      6.2032E-02      1.1735E+00      1.0303E+00      1.3254E+00      5.1757E-02      8.0892E+01      1.0189E+02      1.0000E+00
      6.2574E-02      1.1660E+00      1.0267E+00      1.3093E+00      5.2622E-02      8.1976E+01      1.0073E+02      1.0000E+00
      8.6299E-02      1.0291E+00      1.0155E+00      1.0363E+00      8.3738E-02      7.9978E+01      9.8450E+01      1.0000E+00
      1.4001E-02      1.0543E+00      1.0203E+00      1.0963E+00      1.2632E-02      8.4047E+01      1.0145E+02      1.0000E+00
      2.6737E-02      1.5566E+00      1.4000E+00      2.1279E+00      1.5343E-02      5.7323E+01      1.2875E+02      1.0000E+00
      2.6535E-02      1.5692E+00      1.4198E+00      2.1263E+00      1.5151E-02      5.6424E+01      1.2980E+02      1.0000E+00
      5.3869E-02      1.0856E+00      1.0238E+00      1.1869E+00      4.6336E-02      8.5457E+01      1.0195E+02      1.0000E+00
      1.0222E-01      1.5587E+00      1.4242E+00      2.1065E+00      5.7667E-02      5.6906E+01      1.3032E+02      1.0000E+00
      9.3025E-02      1.4984E+00      1.4054E+00      2.0524E+00      5.6524E-02      5.6649E+01      1.2773E+02      1.0000E+00
      2.4955E-01      1.1475E+00      1.0463E+00      1.2751E+00      2.1914E-01      7.4787E+01      1.0531E+02      1.0000E+00
      2.3449E-01      1.0183E+00      1.0009E+00      1.0334E+00      2.2908E-01      8.8310E+01      9.2437E+01      1.0000E+00
      2.4274E-01      1.1419E+00      1.0234E+00      1.2574E+00      2.0590E-01      8.2560E+01      1.0149E+02      1.0000E+00
      2.6194E-01      1.0831E+00      1.0128E+00      1.1507E+00      2.4129E-01      8.1763E+01      9.7180E+01      1.0000E+00
      2.0498E-01      1.0580E+00      1.0208E+00      1.1208E+00      1.8802E-01      8.2910E+01      1.0114E+02      1.0000E+00
      1.5967E-01      1.3418E+00      1.2993E+00      1.5884E+00      1.0004E-01      6.4204E+01      1.2842E+02      1.0000E+00
      3.3337E-01      1.2847E+00      1.1095E+00      1.6282E+00      2.1265E-01      7.1852E+01      1.1422E+02      1.0000E+00
      4.0806E-01      1.3746E+00      1.1324E+00      1.7503E+00      2.9570E-01      6.7048E+01      1.1263E+02      1.0000E+00
      2.3704E-01      1.5304E+00      1.2525E+00      1.7457E+00      1.4396E-01      6.3169E+01      1.2677E+02      1.0000E+00
      2.3073E-01      1.4161E+00      1.1675E+00      1.6687E+00      1.5012E-01      6.8483E+01      1.2051E+02      1.0000E+00
      1.9189E-01      1.1382E+00      1.0846E+00      1.2452E+00      1.4886E-01      7.9709E+01      1.1271E+02      1.0000E+00
      2.8523E-01      1.1306E+00      1.0273E+00      1.2611E+00      2.6591E-01      8.3714E+01      9.3211E+01      1.0000E+00
      2.7331E-01      1.1602E+00      1.0439E+00      1.2591E+00      2.4220E-01      7.5264E+01      1.0130E+02      1.0000E+00
      1.7436E-01      1.2997E+00      1.3678E+00      1.5585E+00      8.8487E-02      7.3944E+01      1.3288E+02      1.0000E+00
      6.0539E-02      1.2063E+00      1.2052E+00      1.3448E+00      4.1395E-02      7.1489E+01      1.2368E+02      1.0000E+00
      8.5492E-02      1.1405E+00      1.0466E+00      1.2977E+00      7.3543E-02      7.4118E+01      9.8843E+01      1.0000E+00
      2.3019E-02      1.6122E+00      1.2839E+00      1.9901E+00      1.3903E-02      5.8931E+01      1.2662E+02      1.0000E+00
      7.3543E-02      1.0183E+00      1.0038E+00      1.0576E+00      7.1442E-02      8.5949E+01      9.3979E+01      1.0000E+00
      6.7268E-02      1.0497E+00      1.0065E+00      1.0805E+00      6.3587E-02      8.5244E+01      9.6463E+01      1.0000E+00
      7.1831E-02      1.0273E+00      1.0037E+00      1.0809E+00      6.9703E-02      8.7692E+01      9.2047E+01      1.0000E+00
      8.1317E-02      1.0720E+00      1.0162E+00      1.1331E+00      7.3115E-02      7.9830E+01      9.4815E+01      1.0000E+00
      6.4944E-02      1.4308E+00      1.2453E+00      1.5673E+00      5.1833E-02      5.5411E+01      1.2148E+02      1.0000E+00
      6.3326E-02      1.3466E+00      1.1471E+00      1.5035E+00      4.5292E-02      7.0954E+01      1.1851E+02      1.0000E+00
      1.0625E-01      1.7074E+00      1.6049E+00      2.1954E+00      5.4090E-02      5.1442E+01      1.3796E+02      1.0000E+00
      5.8366E-02      1.1463E+00      1.0403E+00      1.3059E+00      4.8764E-02      8.4668E+01      1.0429E+02      1.0000E+00
      9.4178E-02      1.4814E+00      1.3877E+00      2.0556E+00      5.7548E-02      5.7646E+01      1.2647E+02      1.0000E+00
      1.0581E-01      1.5581E+00      1.3721E+00      2.0104E+00      6.2796E-02      5.6898E+01      1.2925E+02      1.0000E+00
      2.3506E-01      1.1611E+00      1.1017E+00      1.3135E+00      1.6673E-01      8.1282E+01      1.1477E+02      1.0000E+00
      2.3486E-01      1.1692E+00      1.1098E+00      1.3231E+00      1.6487E-01      8.0605E+01      1.1566E+02      1.0000E+00
      2.7237E-01      1.0616E+00      1.0157E+00      1.1174E+00      2.4458E-01      7.9918E+01      9.4246E+01      1.0000E+00
      5.2966E-02      1.1104E+00      1.0273E+00      1.2169E+00      4.2586E-02      8.0654E+01      1.0325E+02      1.0000E+00
      8.9481E-02      1.4868E+00      1.4110E+00      2.0204E+00      5.3140E-02      5.7455E+01      1.2882E+02      1.0000E+00
      8.9278E-02      1.4844E+00      1.3950E+00      2.0205E+00      5.3694E-02      5.7670E+01      1.2794E+02      1.0000E+00
      3.2604E-01      1.0716E+00      1.0292E+00      1.0916E+00      3.0860E-01      7.6516E+01      1.0163E+02      1.0000E+00
      2.3137E-01      1.2492E+00      1.2692E+00      1.3813E+00      1.4212E-01      7.1936E+01      1.2800E+02      1.0000E+00
      2.6139E-01      1.1961E+00      1.0423E+00      1.3897E+00      2.1414E-01      7.5791E+01      1.0207E+02      1.0000E+00
      1.6059E-01      1.2452E+00      1.1487E+00      1.5051E+00      9.7982E-02      7.3741E+01      1.1928E+02      1.0000E+00
      2.7415E-01      1.1587E+00      1.0318E+00      1.2691E+00      2.2848E-01      7.6976E+01      9.7417E+01      1.0000E+00
      2.9491E-01      1.1198E+00      1.0417E+00      1.2246E+00      2.5013E-01      7.3818E+01      9.7736E+01      1.0000E+00
      2.3561E-01      1.2467E+00      1.2634E+00      1.3681E+00      1.4778E-01      7.1271E+01      1.2766E+02      1.0000E+00
      2.5501E-01      1.0131E+00      1.0028E+00      1.0316E+00      2.5112E-01      8.5767E+01      9.3879E+01      1.0000E+00
      2.5063E-01      1.0261E+00      1.0083E+00      1.0387E+00      2.4374E-01      8.2690E+01      9.6241E+01      1.0000E+00
      2.6704E-01      1.0729E+00      1.0121E+00      1.1416E+00      2.4765E-01      8.1715E+01      9.7484E+01      1.0000E+00
      2.3811E-01      1.0109E+00      1.0004E+00      1.0229E+00      2.3363E-01      8.8458E+01      9.0672E+01      1.0000E+00
      1.6862E-01      1.3051E+00      1.4027E+00      1.5456E+00      8.3446E-02      7.3450E+01      1.3446E+02      1.0000E+00
      2.6743E-01      1.1319E+00      1.0270E+00      1.1935E+00      2.4011E-01      7.8783E+01      9.9128E+01      1.0000E+00
      2.6181E-01      1.1445E+00      1.0307E+00      1.2180E+00      2.4071E-01      8.1547E+01      9.9854E+01      1.0000E+00
      1.7965E-01      1.3193E+00      1.4204E+00      1.6055E+00      9.0203E-02      7.3470E+01      1.3480E+02      1.0000E+00
      2.6230E-01      1.1282E+00      1.0211E+00      1.1990E+00      2.4386E-01      8.4585E+01      9.6435E+01      1.0000E+00
      2.7024E-01      1.1140E+00      1.0279E+00      1.1880E+00      2.3859E-01      7.7205E+01      9.8930E+01      1.0000E+00
      2.3672E-01      1.0661E+00      1.0348E+00      1.1739E+00      2.1646E-01      7.6991E+01      1.0183E+02      1.0000E+00
      2.4385E-01      1.1369E+00      1.0237E+00      1.2743E+00      2.0654E-01      8.2308E+01      1.0125E+02      1.0000E+00
      2.3517E-01      1.0198E+00      1.0006E+00      1.0357E+00      2.3067E-01      8.8303E+01      9.0840E+01      1.0000E+00
      2.6278E-01      1.0815E+00      1.0137E+00      1.1580E+00      2.4167E-01      8.1247E+01      9.7878E+01      1.0000E+00
      3.2712E-01      1.0694E+00      1.0292E+00      1.0850E+00      3.0966E-01      7.6478E+01      1.0179E+02      1.0000E+00
      2.6156E-01      1.1951E+00      1.0419E+00      1.3895E+00      2.1431E-01      7.5838E+01      1.0202E+02      1.0000E+00
      2.3212E-01      1.2515E+00      1.2666E+00      1.3842E+00      1.4262E-01      7.1999E+01      1.2785E+02      1.0000E+00
      1.2934E-01      1.2421E+00      1.1962E+00      1.4545E+00      7.5260E-02      7.4477E+01      1.2328E+02      1.0000E+00
      1.6327E-01      1.3445E+00      1.2964E+00      1.5975E+00      1.0222E-01      6.4273E+01      1.2821E+02      1.0000E+00
      2.1142E-01      1.0519E+00      1.0182E+00      1.1221E+00      1.9145E-01      8.3816E+01      1.0043E+02      1.0000E+00
      2.3921E-01      1.0498E+00      1.0050E+00      1.0748E+00      2.2803E-01      8.6082E+01      9.5345E+01      1.0000E+00
      2.5044E-01      1.0438E+00      1.0035E+00      1.0817E+00      2.4740E-01      8.8437E+01      9.1921E+01      1.0000E+00
      2.5071E-01      1.0431E+00      1.0031E+00      1.0811E+00      2.4680E-01      8.9333E+01      9.1223E+01      1.0000E+00
      2.3938E-01      1.0457E+00      1.0039E+00      1.0706E+00      2.2719E-01      8.6773E+01      9.5059E+01      1.0000E+00
      2.1052E-01      1.0561E+00      1.0181E+00      1.1295E+00      1.9030E-01      8.4126E+01      1.0034E+02      1.0000E+00
      1.6122E-01      1.3422E+00      1.2909E+00      1.5934E+00      1.0088E-01      6.4679E+01      1.2800E+02      1.0000E+00
      1.3335E-01      1.4362E+00      1.8554E+00      1.6024E+00      8.1437E-02      4.9662E+01      1.4313E+02      1.0000E+00
      1.6061E-01      1.2617E+00      1.2765E+00      1.3532E+00      1.0652E-01      6.8151E+01      1.2835E+02      1.0000E+00
      6.9896E-02      1.4392E+00      1.2811E+00      1.7643E+00      4.7925E-02      5.3005E+01      1.2057E+02      1.0000E+00
      4.7396E-02      1.3225E+00      1.3389E+00      1.3283E+00      3.3860E-02      6.0796E+01      1.3146E+02      1.0000E+00
      5.5367E-02      1.1613E+00      1.0635E+00      1.1702E+00      4.9693E-02      7.2219E+01      1.0990E+02      1.0000E+00
      4.5749E-02      1.2696E+00      1.2808E+00      1.3237E+00      3.2318E-02      6.3288E+01      1.2848E+02      1.0000E+00
      2.0347E-02      1.5690E+00      1.4165E+00      2.1739E+00      1.2608E-02      5.2820E+01      1.2553E+02      1.0000E+00
      1.2736E-02      1.4137E+00      1.7365E+00      1.4747E+00      7.9657E-03      5.3633E+01      1.4255E+02      1.0000E+00
      1.5284E-02      1.2458E+00      1.1972E+00      1.3236E+00      1.1494E-02      6.8219E+01      1.2306E+02      1.0000E+00
      9.1334E-03      1.2573E+00      1.3392E+00      1.2952E+00      6.8639E-03      5.8055E+01      1.3060E+02      1.0000E+00
      4.4575E-03      1.4296E+00      1.3909E+00      1.8883E+00      2.9517E-03      5.0435E+01      1.1964E+02      1.0000E+00
      3.1761E-03      1.4460E+00      1.4283E+00      1.6255E+00      1.9697E-03      6.1321E+01      1.3429E+02      1.0000E+00
      4.1604E-03      1.1497E+00      1.0360E+00      1.2883E+00      3.8118E-03      7.8999E+01      9.7298E+01      1.0000E+00
      3.6680E-03      1.1023E+00      1.0346E+00      1.1799E+00      3.1956E-03      8.1901E+01      1.0466E+02      1.0000E+00
      2.6875E-03      1.0976E+00      1.0688E+00      1.2234E+00      2.2711E-03      7.6105E+01      1.0934E+02      1.0000E+00
      1.6272E-03      1.1832E+00      1.0740E+00      1.4450E+00      1.1994E-03      7.1379E+01      1.0139E+02      1.0000E+00
      1.9138E-03      1.5210E+00      1.4808E+00      1.9130E+00      1.1554E-03      5.3470E+01      1.3319E+02      1.0000E+00
      3.2423E-03      1.3046E+00      1.2671E+00      1.8527E+00      2.0426E-03      6.8008E+01      1.1997E+02      1.0000E+00
      1.3681E-03      1.7508E+00      1.3120E+00      2.2606E+00      8.1733E-04      6.0637E+01      1.2088E+02      1.0000E+00
      6.9259E-04      1.3059E+00      1.1945E+00      1.2777E+00      5.9090E-04      5.9700E+01      1.2315E+02      1.0000E+00
      6.9756E-04      1.1928E+00      1.1120E+00      1.3760E+00      6.2308E-04      7.3884E+01      1.1047E+02      1.0000E+00
      4.4826E-04      1.3142E+00      1.1570E+00      1.7352E+00      3.2398E-04      7.0045E+01      1.0188E+02      1.0000E+00
      5.3260E-04      1.4196E+00      1.4465E+00      1.9927E+00      2.9331E-04      6.1146E+01      1.3046E+02      1.0000E+00
      8.5006E-04      1.1496E+00      1.0661E+00      1.4551E+00      6.8073E-04      7.8303E+01      9.9879E+01      1.0000E+00
      6.9345E-04      1.1719E+00      1.1463E+00      1.4512E+00      5.5415E-04      7.3639E+01      1.1309E+02      1.0000E+00
      5.7464E-04      1.2824E+00      1.4707E+00      1.5269E+00      3.6422E-04      6.1920E+01      1.3392E+02      1.0000E+00
      2.3261E-04      1.9427E+00      1.6129E+00      2.6101E+00      1.2460E-04      4.6445E+01      1.3504E+02      1.0000E+00
      8.4803E-05      1.9048E+00      1.5416E+00      2.2783E+00      5.4865E-05      4.5299E+01      1.3207E+02      1.0000E+00
      1.4864E-04      1.3865E+00      1.4698E+00      2.3443E+00      7.3401E-05      6.8992E+01      1.2513E+02      1.0000E+00
      2.4421E-04      1.2164E+00      1.0815E+00      1.3578E+00      2.0503E-04      6.9024E+01      1.0980E+02      1.0000E+00
      2.0562E-04      1.0493E+00      1.0086E+00      1.1400E+00      1.8799E-04      8.5039E+01      9.4701E+01      1.0000E+00
      1.8848E-04      1.0505E+00      1.0202E+00      1.1181E+00      1.7136E-04      8.2738E+01      1.0099E+02      1.0000E+00
      1.6380E-04      1.0684E+00      1.0332E+00      1.1355E+00      1.4788E-04      7.9293E+01      1.0410E+02      1.0000E+00
      1.2738E-04      1.1485E+00      1.0633E+00      1.3901E+00      1.0541E-04      7.6188E+01      9.7293E+01      1.0000E+00
      9.8717E-05      1.3583E+00      1.1684E+00      1.6942E+00      7.6510E-05      7.7844E+01      1.1079E+02      1.0000E+00
      8.8192E-05      1.5688E+00      1.3407E+00      1.7546E+00      7.2832E-05      5.7792E+01      1.2575E+02      1.0000E+00
      8.4811E-05      1.8149E+00      1.5873E+00      1.7345E+00      7.2034E-05      4.3237E+01      1.3909E+02      1.0000E+00
      8.5442E-05      2.0292E+00      1.8101E+00      1.5625E+00      7.7771E-05      3.5370E+01      1.4530E+02      1.0000E+00
      9.0053E-05      2.1077E+00      1.9215E+00      1.3825E+00      8.5187E-05      3.2163E+01      1.4689E+02      1.0000E+00
      7.7179E-05      1.9773E+00      1.8469E+00      1.4517E+00      6.7224E-05      3.3110E+01      1.4510E+02      1.0000E+00
      5.0720E-05      1.9072E+00      1.7529E+00      2.0721E+00      3.1891E-05      3.4904E+01      1.3045E+02      1.0000E+00
      4.7312E-05      1.7567E+00      1.5871E+00      2.0021E+00      2.5530E-05      5.4629E+01      1.3947E+02      1.0000E+00
      7.4931E-05      1.2684E+00      1.1599E+00      1.7050E+00      5.9128E-05      7.2719E+01      9.8953E+01      1.0000E+00
      1.0376E-04      1.1620E+00      1.0655E+00      1.3253E+00      8.9009E-05      7.2410E+01      1.0728E+02      1.0000E+00
      1.7696E-04      1.3550E+00      1.1314E+00      1.6496E+00      1.1916E-04      6.7871E+01      1.0759E+02      1.0000E+00
      1.4996E-04      1.5383E+00      1.3400E+00      1.7446E+00      1.0754E-04      5.2094E+01      1.2874E+02      1.0000E+00
      1.2383E-04      1.2492E+00      1.0671E+00      1.4103E+00      9.5374E-05      7.6815E+01      1.0465E+02      1.0000E+00
      2.1633E-04      1.1684E+00      1.0652E+00      1.4217E+00      1.6026E-04      7.3570E+01      1.0318E+02      1.0000E+00
      1.6191E-04      1.3883E+00      1.2593E+00      1.6889E+00      1.0764E-04      6.2008E+01      1.2487E+02      1.0000E+00
      1.4918E-04      1.1697E+00      1.0491E+00      1.4052E+00      1.1015E-04      7.5951E+01      1.0600E+02      1.0000E+00
      2.2336E-04      1.0761E+00      1.0322E+00      1.1277E+00      2.0447E-04      8.0614E+01      1.0405E+02      1.0000E+00
      1.9096E-04      1.2394E+00      1.2891E+00      1.2372E+00      1.3700E-04      6.3969E+01      1.2912E+02      1.0000E+00
      2.6239E-04      1.4741E+00      1.2236E+00      1.7047E+00      1.8027E-04      5.7319E+01      1.1603E+02      1.0000E+00
      5.2838E-04      1.3210E+00      1.2011E+00      1.4907E+00      3.7921E-04      6.9050E+01      1.2268E+02      1.0000E+00
      8.5178E-04      1.1949E+00      1.1203E+00      1.5838E+00      5.9562E-04      7.7823E+01      1.1095E+02      1.0000E+00
      6.1662E-04      1.4577E+00      1.3243E+00      1.6996E+00      4.1169E-04      5.6967E+01      1.2876E+02      1.0000E+00
      5.7503E-04      1.1914E+00      1.0409E+00      1.3996E+00      4.3166E-04      7.4400E+01      1.0332E+02      1.0000E+00
      8.6583E-04      1.0728E+00      1.0386E+00      1.1044E+00      7.9339E-04      7.8828E+01      1.0560E+02      1.0000E+00
      7.4613E-04      1.2435E+00      1.3053E+00      1.2285E+00      5.3736E-04      6.2909E+01      1.2998E+02      1.0000E+00
      1.0319E-03      1.4969E+00      1.2411E+00      1.7296E+00      7.0644E-04      5.6288E+01      1.1709E+02      1.0000E+00
      2.1045E-03      1.3356E+00      1.2165E+00      1.5050E+00      1.4990E-03      6.8080E+01      1.2371E+02      1.0000E+00
      3.4233E-03      1.1944E+00      1.1304E+00      1.5883E+00      2.3776E-03      7.8344E+01      1.1192E+02      1.0000E+00
      2.4769E-03      1.4574E+00      1.3254E+00      1.7025E+00      1.6659E-03      5.6647E+01      1.2862E+02      1.0000E+00
      2.2964E-03      1.1904E+00      1.0413E+00      1.3978E+00      1.7260E-03      7.4309E+01      1.0310E+02      1.0000E+00
      3.4535E-03      1.0746E+00      1.0392E+00      1.1063E+00      3.1665E-03      7.8657E+01      1.0569E+02      1.0000E+00
      2.9745E-03      1.2459E+00      1.3064E+00      1.2276E+00      2.1424E-03      6.2821E+01      1.3004E+02      1.0000E+00
      4.1016E-03      1.4930E+00      1.2412E+00      1.7226E+00      2.8142E-03      5.6159E+01      1.1718E+02      1.0000E+00
      8.3437E-03      1.3269E+00      1.2173E+00      1.4886E+00      5.9517E-03      6.8091E+01      1.2384E+02      1.0000E+00
      1.3583E-02      1.1898E+00      1.1267E+00      1.5762E+00      9.4080E-03      7.7985E+01      1.1191E+02      1.0000E+00
      9.8443E-03      1.4483E+00      1.3146E+00      1.6928E+00      6.6361E-03      5.7247E+01      1.2816E+02      1.0000E+00
      9.2165E-03      1.1884E+00      1.0407E+00      1.4009E+00      6.9360E-03      7.4770E+01      1.0342E+02      1.0000E+00
      1.3907E-02      1.0750E+00      1.0368E+00      1.1113E+00      1.2701E-02      7.9299E+01      1.0523E+02      1.0000E+00
      1.1970E-02      1.2398E+00      1.2968E+00      1.2313E+00      8.6146E-03      6.3449E+01      1.2953E+02      1.0000E+00
      1.6607E-02      1.4769E+00      1.2274E+00      1.7044E+00      1.1449E-02      5.7069E+01      1.1655E+02      1.0000E+00
      3.3382E-02      1.3341E+00      1.2039E+00      1.4956E+00      2.4058E-02      6.8192E+01      1.2293E+02      1.0000E+00
      5.5491E-02      1.2669E+00      1.1415E+00      1.6863E+00      3.8038E-02      7.6383E+01      1.1181E+02      1.0000E+00
      4.3039E-02      1.5032E+00      1.3440E+00      1.7037E+00      2.9787E-02      5.3890E+01      1.2960E+02      1.0000E+00
      3.9552E-02      1.1945E+00      1.0399E+00      1.3683E+00      3.0652E-02      7.5146E+01      1.0146E+02      1.0000E+00
      5.7998E-02      1.0882E+00      1.0346E+00      1.1019E+00      5.3781E-02      7.7497E+01      1.0485E+02      1.0000E+00
      4.8229E-02      1.2603E+00      1.3143E+00      1.2541E+00      3.3857E-02      6.3445E+01      1.3045E+02      1.0000E+00
      6.6094E-02      1.4662E+00      1.2317E+00      1.7188E+00      4.5010E-02      5.6081E+01      1.1656E+02      1.0000E+00
      1.3379E-01      1.3295E+00      1.2122E+00      1.4526E+00      9.6450E-02      6.6935E+01      1.2392E+02      1.0000E+00
      2.1504E-01      1.1891E+00      1.1300E+00      1.5333E+00      1.5289E-01      7.9303E+01      1.1306E+02      1.0000E+00
      1.5270E-01      1.4846E+00      1.4408E+00      1.6837E+00      9.7185E-02      5.3849E+01      1.3410E+02      1.0000E+00
      1.3738E-01      1.2800E+00      1.0966E+00      1.4935E+00      9.9208E-02      6.6826E+01      1.0150E+02      1.0000E+00
      2.3042E-01      1.2280E+00      1.0912E+00      1.3479E+00      1.8412E-01      7.4584E+01      1.1317E+02      1.0000E+00
      3.4762E-01      1.1951E+00      1.1084E+00      1.5715E+00      2.4722E-01      7.3372E+01      1.0542E+02      1.0000E+00
      2.4439E-01      1.4647E+00      1.2062E+00      1.8293E+00      1.6835E-01      5.9130E+01      1.1848E+02      1.0000E+00
      1.8415E-01      1.2876E+00      1.1716E+00      1.4164E+00      1.2977E-01      6.9252E+01      1.2128E+02      1.0000E+00
      3.2470E-01      1.3127E+00      1.1638E+00      1.6686E+00      2.3393E-01      6.1842E+01      1.0300E+02      1.0000E+00
      2.2740E-01      1.6034E+00      1.2810E+00      1.8034E+00      1.5513E-01      5.9987E+01      1.2247E+02      1.0000E+00
      1.6684E-01      1.2593E+00      1.1403E+00      1.4092E+00      1.2675E-01      7.2404E+01      1.1794E+02      1.0000E+00
      2.4226E-01      1.1767E+00      1.0850E+00      1.4202E+00      2.0203E-01      7.1936E+01      1.0177E+02      1.0000E+00
      1.6173E-01      1.4775E+00      1.2304E+00      1.7781E+00      1.0214E-01      6.3424E+01      1.2431E+02      1.0000E+00
      1.3141E-01      1.2095E+00      1.0904E+00      1.3472E+00      9.4754E-02      7.9475E+01      1.1350E+02      1.0000E+00
      2.1953E-01      1.1642E+00      1.0551E+00      1.3704E+00      1.6854E-01      7.2327E+01      9.8931E+01      1.0000E+00
      1.6012E-01      1.4001E+00      1.2471E+00      1.7109E+00      1.0606E-01      6.2471E+01      1.2417E+02      1.0000E+00
      1.3495E-01      1.2098E+00      1.0579E+00      1.3926E+00      9.7037E-02      7.6145E+01      1.0897E+02      1.0000E+00
      2.2930E-01      1.1458E+00      1.0392E+00      1.3218E+00      1.7593E-01      7.7014E+01      1.0385E+02      1.0000E+00
      1.6678E-01      1.4013E+00      1.3601E+00      1.6424E+00      1.0567E-01      5.9048E+01      1.3086E+02      1.0000E+00
      1.5101E-01      1.3470E+00      1.1154E+00      1.5936E+00      1.0162E-01      6.7949E+01      1.0769E+02      1.0000E+00
      2.3323E-01      1.0646E+00      1.0134E+00      1.1361E+00      2.2467E-01      8.2760E+01      9.5821E+01      1.0000E+00
      2.2399E-01      1.0598E+00      1.0181E+00      1.0788E+00      2.1375E-01      7.9982E+01      1.0078E+02      1.0000E+00
      1.8915E-01      1.0771E+00      1.0591E+00      1.1869E+00      1.7168E-01      7.3886E+01      1.0679E+02      1.0000E+00
      1.2303E-01      1.3000E+00      1.1340E+00      1.6661E+00      8.4487E-02      6.8007E+01      1.0447E+02      1.0000E+00
      1.4225E-01      1.2784E+00      1.3460E+00      1.7360E+00      8.4097E-02      6.7414E+01      1.2711E+02      1.0000E+00
      1.6565E-01      1.1649E+00      1.1038E+00      1.3416E+00      1.3520E-01      7.1014E+01      1.1263E+02      1.0000E+00
      1.8102E-01      1.3754E+00      1.1724E+00      1.6345E+00      1.2948E-01      6.4512E+01      1.1937E+02      1.0000E+00
      2.2271E-01      1.2175E+00      1.0593E+00      1.4032E+00      1.6318E-01      7.1246E+01      1.0245E+02      1.0000E+00
      1.1397E-01      1.2480E+00      1.1460E+00      1.5688E+00      6.9503E-02      7.2935E+01      1.1835E+02      1.0000E+00
      1.1398E-01      1.2481E+00      1.1462E+00      1.5691E+00      6.9506E-02      7.2944E+01      1.1837E+02      1.0000E+00
      2.2291E-01      1.2183E+00      1.0598E+00      1.4047E+00      1.6319E-01      7.1169E+01      1.0244E+02      1.0000E+00
      1.8119E-01      1.3762E+00      1.1720E+00      1.6341E+00      1.2962E-01      6.4516E+01      1.1936E+02      1.0000E+00
      1.6606E-01      1.1676E+00      1.1052E+00      1.3443E+00      1.3544E-01      7.0804E+01      1.1279E+02      1.0000E+00
      1.4264E-01      1.2807E+00      1.3442E+00      1.7364E+00      8.4310E-02      6.7389E+01      1.2711E+02      1.0000E+00
      1.2382E-01      1.2949E+00      1.1321E+00      1.6606E+00      8.4845E-02      6.8308E+01      1.0489E+02      1.0000E+00
      1.9173E-01      1.0819E+00      1.0564E+00      1.1948E+00      1.7291E-01      7.4443E+01      1.0649E+02      1.0000E+00
      2.2965E-01      1.0664E+00      1.0161E+00      1.0870E+00      2.1681E-01      8.1184E+01      1.0022E+02      1.0000E+00
      2.4708E-01      1.0519E+00      1.0053E+00      1.0964E+00      2.4200E-01      8.7385E+01      9.3388E+01      1.0000E+00
      2.4711E-01      1.0519E+00      1.0054E+00      1.0959E+00      2.4222E-01      8.7153E+01      9.3572E+01      1.0000E+00
      2.2988E-01      1.0669E+00      1.0164E+00      1.0865E+00      2.1731E-01      8.0995E+01      1.0031E+02      1.0000E+00
      1.9240E-01      1.0814E+00      1.0568E+00      1.1944E+00      1.7372E-01      7.4345E+01      1.0650E+02      1.0000E+00
      1.2470E-01      1.2995E+00      1.1349E+00      1.6697E+00      8.5300E-02      6.8272E+01      1.0504E+02      1.0000E+00
      1.4507E-01      1.2741E+00      1.3428E+00      1.7407E+00      8.5803E-02      6.7794E+01      1.2675E+02      1.0000E+00
      1.6997E-01      1.1592E+00      1.1121E+00      1.3418E+00      1.3760E-01      7.0890E+01      1.1339E+02      1.0000E+00
      1.8974E-01      1.3633E+00      1.1703E+00      1.6506E+00      1.3332E-01      6.5816E+01      1.1894E+02      1.0000E+00
      2.4200E-01      1.1856E+00      1.0526E+00      1.3361E+00      1.8495E-01      7.2119E+01      9.9452E+01      1.0000E+00
      1.3286E-01      1.2522E+00      1.1935E+00      1.5476E+00      7.9063E-02      7.5504E+01      1.2245E+02      1.0000E+00
      1.5276E-01      1.3196E+00      1.1542E+00      1.7452E+00      8.7755E-02      6.8325E+01      1.1827E+02      1.0000E+00
      3.3324E-01      1.2938E+00      1.0871E+00      1.4962E+00      2.3749E-01      7.1539E+01      1.0619E+02      1.0000E+00
      2.8048E-01      1.4674E+00      1.3614E+00      1.5964E+00      1.7782E-01      5.7744E+01      1.3225E+02      1.0000E+00
      2.7697E-01      1.3303E+00      1.1172E+00      1.5362E+00      1.8887E-01      7.4787E+01      1.1353E+02      1.0000E+00
      5.2494E-01      1.3663E+00      1.1357E+00      1.6741E+00      3.9186E-01      6.7170E+01      1.0413E+02      1.0000E+00
      6.2420E-01      1.2488E+00      1.1393E+00      1.6189E+00      5.1860E-01      7.9919E+01      1.0698E+02      1.0000E+00
      4.1594E-01      1.4557E+00      1.1836E+00      1.6416E+00      3.2736E-01      6.6113E+01      1.1333E+02      1.0000E+00
      2.0799E-01      1.2633E+00      1.5098E+00      2.0802E+00      1.2078E-01      6.5510E+01      1.2314E+02      1.0000E+00
      1.3260E-01      1.3578E+00      1.1835E+00      1.8141E+00      9.4868E-02      6.8501E+01      1.0169E+02      1.0000E+00
      1.9655E-01      1.2705E+00      1.1016E+00      1.4610E+00      1.5108E-01      7.6856E+01      1.1215E+02      1.0000E+00
      1.1989E-01      1.3446E+00      1.5175E+00      1.7801E+00      7.4377E-02      5.6707E+01      1.3203E+02      1.0000E+00
      9.2074E-02      1.2175E+00      1.0711E+00      1.4802E+00      7.1350E-02      7.1782E+01      1.0410E+02      1.0000E+00
      1.5840E-01      1.3440E+00      1.1975E+00      1.9058E+00      9.3576E-02      6.2984E+01      1.0981E+02      1.0000E+00
      9.0575E-02      1.7199E+00      1.3445E+00      2.1857E+00      4.4409E-02      5.1609E+01      1.1763E+02      1.0000E+00
      2.8847E-02      1.3777E+00      1.2064E+00      1.7677E+00      1.9069E-02      6.5773E+01      1.2022E+02      1.0000E+00
      1.0639E-02      1.2777E+00      1.1826E+00      1.7925E+00      6.3775E-03      6.5180E+01      1.1083E+02      1.0000E+00
      8.6777E-03      1.3044E+00      1.1794E+00      1.6481E+00      6.4766E-03      6.3361E+01      1.1528E+02      1.0000E+00
      1.0273E-02      1.2603E+00      1.2794E+00      2.0123E+00      6.7091E-03      7.0196E+01      1.0801E+02      1.0000E+00
      1.0147E-02      1.3723E+00      1.6567E+00      2.7468E+00      5.0608E-03      6.1816E+01      1.1014E+02      1.0000E+00
      7.5043E-03      1.6498E+00      1.4494E+00      2.3742E+00      4.0930E-03      4.6657E+01      1.1020E+02      1.0000E+00
      7.1683E-03      1.2498E+00      1.0553E+00      1.4080E+00      5.7313E-03      7.8344E+01      1.0310E+02      1.0000E+00
      1.3575E-02      1.2138E+00      1.0711E+00      1.3322E+00      1.1030E-02      7.6474E+01      1.1051E+02      1.0000E+00
      1.5032E-02      1.3061E+00      1.1614E+00      1.3656E+00      1.2610E-02      6.5326E+01      1.1966E+02      1.0000E+00
      3.0718E-02      1.5031E+00      1.3270E+00      2.2354E+00      1.8079E-02      5.8166E+01      1.1740E+02      1.0000E+00
      6.0895E-02      1.3254E+00      1.1984E+00      1.3163E+00      5.4596E-02      5.8340E+01      1.2263E+02      1.0000E+00
      5.3512E-02      1.4896E+00      1.4897E+00      1.3507E+00      3.9037E-02      4.9329E+01      1.3762E+02      1.0000E+00
      9.1290E-02      1.9064E+00      1.5108E+00      2.3819E+00      5.3136E-02      4.5826E+01      1.2684E+02      1.0000E+00
      1.5820E-01      1.4463E+00      1.3252E+00      1.5053E+00      1.4731E-01      5.7447E+01      1.2506E+02      1.0000E+00
      1.2212E-01      1.6325E+00      1.5734E+00      2.0856E+00      8.6241E-02      6.0240E+01      1.3083E+02      1.0000E+00
      1.3507E-01      1.6328E+00      1.5711E+00      1.9672E+00      9.1203E-02      5.7524E+01      1.3418E+02      1.0000E+00
      1.6836E-01      1.4256E+00      1.3188E+00      1.7661E+00      1.2437E-01      5.2539E+01      1.1784E+02      1.0000E+00
      2.5804E-01      1.4545E+00      2.6509E+00      1.6117E+00      8.9693E-02      5.2893E+01      1.5677E+02      1.0000E+00
      6.2210E-01      1.2542E+00      1.1679E+00      1.4379E+00      4.8446E-01      5.8910E+01      1.1375E+02      1.0000E+00
      6.9509E-01      1.1682E+00      1.1565E+00      1.2441E+00      5.2029E-01      7.3360E+01      1.2011E+02      1.0000E+00
      3.9353E-01      1.3006E+00      1.1715E+00      1.5711E+00      2.8882E-01      5.9353E+01      1.1347E+02      1.0000E+00
      4.2285E-01      1.5179E+00      1.6669E+00      1.7544E+00      3.0713E-01      4.4627E+01      1.3580E+02      1.0000E+00
      4.3599E-01      1.3630E+00      1.3528E+00      1.6384E+00      2.3480E-01      6.8190E+01      1.3189E+02      1.0000E+00
      1.5648E-01      1.4403E+00      1.3959E+00      1.8180E+00      1.0553E-01      4.9207E+01      1.2300E+02      1.0000E+00
      8.0685E-02      2.2342E+00      1.6889E+00      2.6333E+00      4.0638E-02      4.2564E+01      1.3296E+02      1.0000E+00
      1.8266E-01      1.3598E+00      1.6803E+00      2.2904E+00      1.0716E-01      5.9695E+01      1.2576E+02      1.0000E+00
      1.7905E-01      1.2121E+00      1.2855E+00      1.9927E+00      1.2080E-01      7.6045E+01      1.0459E+02      1.0000E+00
      1.0001E-01      1.7087E+00      1.3958E+00      1.9692E+00      6.5266E-02      4.9330E+01      1.2806E+02      1.0000E+00
      7.9397E-02      1.3215E+00      1.1076E+00      1.4400E+00      6.3462E-02      7.1459E+01      1.1035E+02      1.0000E+00
      1.5353E-01      1.3712E+00      1.2607E+00      1.9848E+00      9.2001E-02      6.0845E+01      1.0594E+02      1.0000E+00
      1.5018E-01      1.3857E+00      1.2565E+00      2.0169E+00      8.0753E-02      6.3474E+01      1.1725E+02      1.0000E+00
      7.1941E-02      1.3401E+00      1.1101E+00      1.5092E+00      5.4788E-02      7.2473E+01      1.1082E+02      1.0000E+00
      8.3382E-02      1.6293E+00      1.4554E+00      1.8176E+00      5.5738E-02      4.3770E+01      1.2847E+02      1.0000E+00
      7.6953E-02      1.6241E+00      1.2902E+00      2.1475E+00      4.4854E-02      5.3882E+01      1.1930E+02      1.0000E+00
      4.4715E-02      1.1091E+00      1.0372E+00      1.1812E+00      3.7638E-02      8.2220E+01      1.0540E+02      1.0000E+00
      5.0968E-02      1.2617E+00      1.0921E+00      1.6575E+00      3.6221E-02      7.2983E+01      1.0572E+02      1.0000E+00
      2.8682E-02      1.5163E+00      1.3280E+00      2.0648E+00      1.7581E-02      5.8880E+01      1.2487E+02      1.0000E+00
      1.9298E-02      1.1548E+00      1.0712E+00      1.3381E+00      1.5471E-02      8.1459E+01      1.0922E+02      1.0000E+00
      2.4124E-02      1.1487E+00      1.0252E+00      1.2182E+00      2.1657E-02      8.1066E+01      9.7436E+01      1.0000E+00
      2.2457E-02      1.2228E+00      1.1037E+00      1.3194E+00      1.7662E-02      7.1764E+01      1.1491E+02      1.0000E+00
      1.0890E-02      1.4192E+00      1.2839E+00      2.2683E+00      5.8213E-03      6.6032E+01      1.1809E+02      1.0000E+00
      6.7035E-03      1.3439E+00      1.1715E+00      1.7058E+00      4.9510E-03      7.8031E+01      1.1350E+02      1.0000E+00
      9.1648E-03      1.3464E+00      1.1125E+00      1.5914E+00      7.2398E-03      7.1721E+01      1.0298E+02      1.0000E+00
      5.1420E-03      1.3302E+00      1.3307E+00      2.0615E+00      3.2282E-03      6.5669E+01      1.1743E+02      1.0000E+00
      2.9819E-03      1.1756E+00      1.0644E+00      1.4191E+00      2.3815E-03      8.3431E+01      1.0604E+02      1.0000E+00
      3.2133E-03      1.1592E+00      1.0321E+00      1.2940E+00      2.7992E-03      7.8137E+01      1.0194E+02      1.0000E+00
      1.9584E-03      1.2855E+00      1.1086E+00      1.4434E+00      1.6923E-03      6.8868E+01      1.0900E+02      1.0000E+00
      2.2220E-03      1.7331E+00      1.5147E+00      2.6522E+00      1.1859E-03      5.1586E+01      1.0940E+02      1.0000E+00
      2.7151E-03      1.5623E+00      2.0498E+00      3.3162E+00      1.3242E-03      5.4235E+01      1.1806E+02      1.0000E+00
      2.2445E-03      1.2833E+00      1.5547E+00      2.3847E+00      1.2914E-03      6.6992E+01      1.1561E+02      1.0000E+00
      1.5706E-03      1.5110E+00      1.3115E+00      1.7350E+00      1.0976E-03      5.0679E+01      1.2061E+02      1.0000E+00
      1.8332E-03      1.3810E+00      1.1046E+00      1.6928E+00      1.3446E-03      7.1812E+01      1.0718E+02      1.0000E+00
      5.4539E-03      1.4227E+00      1.2282E+00      1.9243E+00      2.7365E-03      5.5504E+01      1.1487E+02      1.0000E+00
      6.0011E-03      1.3337E+00      1.1284E+00      1.6491E+00      3.3242E-03      6.3618E+01      1.1668E+02      1.0000E+00
      2.8482E-03      1.3071E+00      1.1830E+00      1.7841E+00      1.9067E-03      6.5556E+01      1.0261E+02      1.0000E+00
      3.4033E-03      1.3111E+00      1.3474E+00      1.9399E+00      1.8833E-03      7.5825E+01      1.2491E+02      1.0000E+00
      5.0440E-03      1.2535E+00      1.1199E+00      1.4868E+00      4.5214E-03      6.9710E+01      1.0539E+02      1.0000E+00
      3.9161E-03      1.3562E+00      1.2335E+00      1.6279E+00      3.1654E-03      6.9227E+01      1.1945E+02      1.0000E+00
      2.5604E-03      1.8336E+00      2.1371E+00      1.5857E+00      1.3920E-03      4.0522E+01      1.5210E+02      1.0000E+00
      3.3488E-03      1.8136E+00      1.5601E+00      2.0586E+00      2.3758E-03      4.1826E+01      1.3438E+02      1.0000E+00
      2.9415E-03      2.2157E+00      2.4343E+00      1.7346E+00      1.8916E-03      3.2969E+01      1.5507E+02      1.0000E+00
      2.5297E-03      1.9967E+00      1.8004E+00      3.2922E+00      2.0014E-03      6.9743E+01      1.0452E+02      1.0000E+00
      2.3952E-03      2.0692E+00      1.8326E+00      3.3663E+00      1.8392E-03      6.1612E+01      1.1278E+02      1.0000E+00
      2.2139E-03      2.0699E+00      3.1724E+00      1.6279E+00      1.1121E-03      3.4963E+01      1.5987E+02      1.0000E+00
      3.9359E-03      1.8168E+00      1.7070E+00      1.3369E+00      3.5350E-03      3.6185E+01      1.4397E+02      1.0000E+00
      3.2278E-03      1.8323E+00      1.6926E+00      1.9776E+00      2.1247E-03      3.9185E+01      1.3840E+02      1.0000E+00
      2.0811E-03      2.0209E+00      2.1251E+00      1.9082E+00      1.1997E-03      3.8693E+01      1.5148E+02      1.0000E+00
      3.0229E-03      1.4757E+00      1.2877E+00      1.8940E+00      2.5182E-03      7.0119E+01      1.1655E+02      1.0000E+00
      3.5679E-03      1.3065E+00      1.1381E+00      1.6365E+00      3.1424E-03      8.0889E+01      1.0446E+02      1.0000E+00
      4.0847E-03      1.2258E+00      1.0773E+00      1.4763E+00      3.6697E-03      8.4304E+01      9.6248E+01      1.0000E+00
      4.6958E-03      1.1934E+00      1.0576E+00      1.3853E+00      4.2494E-03      7.8058E+01      9.7708E+01      1.0000E+00
      5.5459E-03      1.1802E+00      1.0621E+00      1.3312E+00      5.0553E-03      7.3146E+01      1.0237E+02      1.0000E+00
      6.8159E-03      1.1579E+00      1.0750E+00      1.2832E+00      6.3568E-03      7.1755E+01      1.0639E+02      1.0000E+00
      8.4879E-03      1.1312E+00      1.0752E+00      1.2484E+00      7.9077E-03      7.4035E+01      1.0787E+02      1.0000E+00
      1.0295E-02      1.1295E+00      1.0574E+00      1.2503E+00      9.5171E-03      7.7651E+01      1.0566E+02      1.0000E+00
      1.2082E-02      1.0971E+00      1.0362E+00      1.2107E+00      1.1226E-02      8.0593E+01      1.0212E+02      1.0000E+00
      1.3998E-02      1.0712E+00      1.0195E+00      1.1646E+00      1.2975E-02      8.3790E+01      9.9253E+01      1.0000E+00
      1.5825E-02      1.0980E+00      1.0134E+00      1.1590E+00      1.4654E-02      8.5996E+01      9.6133E+01      1.0000E+00
      1.5662E-02      1.3479E+00      1.1623E+00      1.4746E+00      1.1145E-02      6.8977E+01      1.2055E+02      1.0000E+00
      2.5779E-02      1.6894E+00      1.2863E+00      2.2917E+00      1.5255E-02      5.7630E+01      1.2056E+02      1.0000E+00
      5.9132E-02      1.3181E+00      1.4394E+00      1.7186E+00      3.3619E-02      6.3359E+01      1.3233E+02      1.0000E+00
      4.2594E-02      1.4639E+00      1.3264E+00      1.4473E+00      3.4623E-02      4.9611E+01      1.2879E+02      1.0000E+00
      6.4020E-02      1.6966E+00      1.3135E+00      2.0879E+00      3.3710E-02      5.8153E+01      1.2181E+02      1.0000E+00
      8.0772E-02      1.5738E+00      1.4389E+00      1.8416E+00      5.4900E-02      4.4128E+01      1.2187E+02      1.0000E+00
      9.4903E-02      1.6294E+00      1.3069E+00      2.0589E+00      5.3171E-02      5.9090E+01      1.1714E+02      1.0000E+00
      1.5771E-01      1.2511E+00      1.3898E+00      1.9951E+00      1.0229E-01      6.5651E+01      1.1677E+02      1.0000E+00
      1.5925E-01      1.2278E+00      1.2659E+00      1.9278E+00      1.0862E-01      7.1394E+01      1.0844E+02      1.0000E+00
      9.6721E-02      1.5703E+00      1.2712E+00      1.8845E+00      6.0860E-02      5.4826E+01      1.1727E+02      1.0000E+00
      8.5722E-02      1.2895E+00      1.1355E+00      1.4956E+00      6.2950E-02      6.2225E+01      1.0827E+02      1.0000E+00
      8.6603E-02      1.2840E+00      1.1377E+00      1.4774E+00      6.4273E-02      6.1948E+01      1.0869E+02      1.0000E+00
      1.0188E-01      1.6086E+00      1.2914E+00      1.9489E+00      6.2775E-02      5.4016E+01      1.1843E+02      1.0000E+00
      1.8159E-01      1.2265E+00      1.2846E+00      1.9596E+00      1.1777E-01      7.3061E+01      1.1089E+02      1.0000E+00
      2.4748E-01      1.0364E+00      1.0027E+00      1.0697E+00      2.3733E-01      8.8231E+01      9.3905E+01      1.0000E+00
      2.5702E-01      1.0167E+00      1.0006E+00      1.0307E+00      2.5574E-01      8.8756E+01      9.1100E+01      1.0000E+00
      2.5280E-01      1.0175E+00      1.0008E+00      1.0238E+00      2.4987E-01      8.8061E+01      9.2009E+01      1.0000E+00
      2.3959E-01      1.0234E+00      1.0052E+00      1.0473E+00      2.2900E-01      8.6499E+01      9.5793E+01      1.0000E+00
      1.6664E-01      1.3699E+00      1.6724E+00      2.5951E+00      8.5149E-02      6.3681E+01      1.2282E+02      1.0000E+00
      6.5343E-02      2.2195E+00      1.6989E+00      2.5337E+00      3.4934E-02      4.2485E+01      1.3456E+02      1.0000E+00
      3.4327E-02      1.1236E+00      1.1298E+00      1.2219E+00      2.8875E-02      6.9741E+01      1.1632E+02      1.0000E+00
      4.9560E-02      1.2258E+00      1.1091E+00      1.3737E+00      3.9287E-02      6.4683E+01      1.0808E+02      1.0000E+00
      3.7222E-02      1.3108E+00      1.1009E+00      1.6815E+00      2.7479E-02      7.0971E+01      1.0808E+02      1.0000E+00
      3.4823E-02      1.2429E+00      1.1817E+00      1.5268E+00      2.7274E-02      6.4204E+01      1.1658E+02      1.0000E+00
      3.5465E-02      1.2282E+00      1.1583E+00      1.4826E+00      2.8195E-02      6.5504E+01      1.1549E+02      1.0000E+00
      4.0374E-02      1.3489E+00      1.1216E+00      1.7430E+00      2.9040E-02      6.8491E+01      1.1027E+02      1.0000E+00
      5.4867E-02      1.2164E+00      1.1147E+00      1.3629E+00      4.3608E-02      6.3907E+01      1.0829E+02      1.0000E+00
      3.8785E-02      1.1295E+00      1.1552E+00      1.2193E+00      3.2353E-02      6.7169E+01      1.1859E+02      1.0000E+00
      5.5798E-01      1.1246E+00      1.0643E+00      1.1807E+00      4.9686E-01      7.0081E+01      1.0603E+02      1.0000E+00
      1.2288E-01      1.0522E+00      1.0142E+00      1.0933E+00      1.1466E-01      8.4167E+01      9.9465E+01      1.0000E+00
      5.2334E-01      1.2021E+00      1.0719E+00      1.2977E+00      4.5273E-01      7.0951E+01      1.0953E+02      1.0000E+00
