 Number of boundary curves =            4
 Outer Boundary,          68
   0.0000000000000000        4.0000000000000000       -1.0000000000000000        8.8504323746165375E-003   3.9938168926081810      -0.77767899712907573        1.5649770940753014E-014   1.4465254103065712E-010
   8.8504323746165375E-003   3.9938168926081810      -0.77767899712907573        1.7796374073754982E-002   3.9750195516157318      -0.55365981104916662        1.6555142821299713E-014   1.6010977507054153E-010
   1.7796374073754982E-002   3.9750195516157318      -0.55365981104916662        2.6952411717097599E-002   3.9427801332025161      -0.32584510591144511        1.9137592981101356E-014   1.7716275852550088E-010
   2.6952411717097599E-002   3.9427801332025161      -0.32584510591144511        3.6409068731356242E-002   3.8957888859778187       -9.2900801515234055E-002   2.3293138939220350E-014   1.4502718886066514E-010
   3.6409068731356242E-002   3.8957888859778187       -9.2900801515234055E-002   4.6236541265250446E-002   3.8323885024800366       0.14577413396306982        2.9281181273259043E-014   1.6961392159814387E-010
   4.6236541265250446E-002   3.8323885024800366       0.14577413396306982        5.6477194785135180E-002   3.7507851827157883       0.38982391442933917        3.7459105739905045E-014   2.6491097182537425E-010
   5.6477194785135180E-002   3.7507851827157883       0.38982391442933917        6.7141835192726845E-002   3.6493081857974290       0.63784912768907875        4.7819230896973186E-014   2.5225057563023021E-010
   6.7141835192726845E-002   3.6493081857974290       0.63784912768907875        7.8211761781698752E-002   3.5266566237369750       0.88750975050517833        5.9882093613385349E-014   1.6891580486410048E-010
   7.8211761781698752E-002   3.5266566237369750       0.88750975050517833        8.9646442914372709E-002   3.3820646459493267        1.1357993189013929        7.2710343722353704E-014   3.0550225336171172E-010
   8.9646442914372709E-002   3.3820646459493267        1.1357993189013929       0.10139493790291540        3.2153370102469077        1.3794133542822014        8.5505967946271996E-014   3.2446478511240531E-010
  0.10139493790291540        3.2153370102469077        1.3794133542822014       0.11340873990732159        3.0267415371108837        1.6151167598269196        9.7759034453413004E-014   3.6552503122599971E-010
  0.11340873990732159        3.0267415371108837        1.6151167598269196       0.12565408137920955        2.8167792437832380        1.8400272343398276        1.0964735822467227E-013   1.9918475070049727E-010
  0.12565408137920955        2.8167792437832380        1.8400272343398276       0.13812191403604590        2.5858869374456721        2.0517517505111460        1.2216568386213753E-013   3.0767671125711605E-010
  0.13812191403604590        2.5858869374456721        2.0517517505111460       0.15083328522425449        2.3341658273251382        2.2483334019997936        1.3715993590369491E-013   3.7158064361225082E-010
  0.15083328522425449        2.3341658273251382        2.2483334019997936       0.16383725967299650        2.0612644375601596        2.4280007173934193        1.5727641832706306E-013   4.5653265397334164E-010
  0.16383725967299650        2.0612644375601596        2.4280007173934193       0.17719910687575652        1.7665446566021714        2.5887769471270174        1.8506602068390562E-013   3.8208086588506094E-010
  0.17719910687575652        1.7665446566021714        2.5887769471270174       0.19097907250865070        1.4495916912813678        2.7280938733578082        2.2263321509153014E-013   3.8328349278990007E-010
  0.19097907250865070        1.4495916912813678        2.7280938733578082       0.20520620316046331        1.1109868142565211        2.8426173760274578        2.6958427722755947E-013   6.0889092698439537E-010
  0.20520620316046331        1.1109868142565211        2.8426173760274578       0.21985536548076776       0.75309562335575464        2.9284662378697375        3.2135655049970578E-013   4.5735518465898468E-010
  0.21985536548076776       0.75309562335575464        2.9284662378697375       0.23483634107779938       0.38052799635828199        2.9818586670030807        3.6760287889631938E-013   6.0981596571411380E-010
  0.23483634107779938       0.38052799635828199        2.9818586670030807       0.25000061430975729       -1.5439288164103957E-005   2.9999999999702034        3.9536271991618446E-013   5.7417580861984928E-010
  0.25000061430975729       -1.5439288164103957E-005   2.9999999999702034       0.26516540394836963      -0.38057165471911980        2.9818544945319574        3.9547058670603502E-013   4.3114862348419218E-010
  0.26516540394836963      -0.38057165471911980        2.9818544945319574       0.28014830001754187      -0.75318609968206407        2.9284488922786966        3.6787511437528408E-013   4.5110349343206729E-010
  0.28014830001754187      -0.75318609968206407        2.9284488922786966       0.29480211073280205       -1.1111875423573174        2.8425593353531844        3.2194188031417773E-013   6.1727337023934223E-010
  0.29480211073280205       -1.1111875423573174        2.8425593353531844       0.30903959863956942       -1.4500290399693103        2.7279237898923951        2.7086283327992812E-013   6.8268349590474650E-010
  0.30903959863956942       -1.4500290399693103        2.7279237898923951       0.32284168689700860       -1.7674644553297507        2.5883240376456955        2.2477529835000098E-013   4.2402043937682875E-010
  0.32284168689700860       -1.7674644553297507        2.5883240376456955       0.33624902662580614       -2.0631226347396945        2.4268826933562728        1.8891644802757984E-013   3.5947322366463782E-010
  0.33624902662580614       -2.0631226347396945        2.4268826933562728       0.34934290716472732       -2.3377604619025560        2.2457473750686678        1.6395423570288643E-013   1.2021018508201661E-009
  0.34934290716472732       -2.3377604619025560        2.2457473750686678       0.36222454815943927       -2.5925241213562162        2.0461153425611087        1.4855008969211643E-013   9.6047892028274494E-010
  0.36222454815943927       -2.5925241213562162        2.0461153425611087       0.37500045979780838       -2.8284352960457384        1.8284189534230353        1.4136646692185377E-013   2.4535576007793541E-010
  0.37500045979780838       -2.8284352960457384        1.8284189534230353       0.38777677947875328       -3.0461369687645039        1.5924987111908462        1.4145093033016958E-013   9.1868226126542877E-010
  0.38777677947875328       -3.0461369687645039        1.5924987111908462       0.40065996085548033       -3.2457895016922005        1.3377019721736767        1.4867208551842483E-013   4.2953591646075029E-010
  0.40065996085548033       -3.2457895016922005        1.3377019721736767       0.41375766381538548       -3.4269694183959394        1.0629785760833768        1.6414387059602490E-013   3.9109503136243514E-010
  0.41375766381538548       -3.4269694183959394        1.0629785760833768       0.42717378400249773       -3.5884958297760825       0.76711563845710562        1.8968056088422412E-013   1.3280780183765529E-009
  0.42717378400249773       -3.5884958297760825       0.76711563845710562       0.44099528120751075       -3.7282414837157267       0.44921200626449331        2.2665032758566596E-013   6.7451846979449832E-010
  0.44099528120751075       -3.7282414837157267       0.44921200626449331       0.45527421697990167       -3.8430917980559718       0.10934459556754450        2.7558998085458528E-013   9.8424461767704379E-010
  0.45527421697990167       -3.8430917980559718       0.10934459556754450       0.47001339748594706       -3.9292120831954560      -0.25080549570166666        3.3343787204743623E-013   7.0911180331460339E-010
  0.47001339748594706       -3.9292120831954560      -0.25080549570166666       0.48516544003035433       -3.9826370055934976      -0.62770645764765276        3.9355468244625331E-013   5.4425185739864019E-010
  0.48516544003035433       -3.9826370055934976      -0.62770645764765276       0.50065171147943766       -3.9999664648798059       -1.0163792501949935        4.4848550043912614E-013   4.3992810260508650E-010
  0.50065171147943766       -3.9999664648798059       -1.0163792501949935       0.51640048271318439       -3.9787813057510584       -1.4114599871262108        4.9608532382759244E-013   1.2300215007792388E-009
  0.51640048271318439       -3.9787813057510584       -1.4114599871262108       0.53239542839861298       -3.9174233566659624       -1.8085754415315773        5.4452330701915466E-013   1.0891944578172328E-009
  0.53239542839861298       -3.9174233566659624       -1.8085754415315773       0.54871919301077943       -3.8140500878404664       -2.2054135918613698        6.1522245338211128E-013   8.4959863743375196E-010
  0.54871919301077943       -3.8140500878404664       -2.2054135918613698       0.56557464241817224       -3.6652588423862515       -2.6018357026578585        7.4563522161116100E-013   1.0878855722536318E-009
  0.56557464241817224       -3.6652588423862515       -2.6018357026578585       0.58327032567476866       -3.4648931212453919       -2.9986284442953286        9.9851177465100084E-013   1.2758106313871509E-009
  0.58327032567476866       -3.4648931212453919       -2.9986284442953286       0.60216652844755203       -3.2037637633028710       -3.3949734338709119        1.4802761778313987E-012   1.5027998093005293E-009
  0.60216652844755203       -3.2037637633028710       -3.3949734338709119       0.62259120284165559       -2.8709095639059843       -3.7852968021151985        2.3606750183379200E-012   1.9763798835639284E-009
  0.62259120284165559       -2.8709095639059843       -3.7852968021151985       0.64474587152424445       -2.4566717639524760       -4.1567014182843822        3.8448916573414415E-012   2.6215699557567954E-009
  0.64474587152424445       -2.4566717639524760       -4.1567014182843822       0.66862593309078455       -1.9572049378955771       -4.4884593778740163        6.0294586366228150E-012   4.2185475322849653E-009
  0.66862593309078455       -1.9572049378955771       -4.4884593778740163       0.69397688801960788       -1.3791169580768268       -4.7547351991778228        8.6303209867587170E-012   5.4108203158546165E-009
  0.69397688801960788       -1.3791169580768268       -4.7547351991778228       0.72030033205868482      -0.74210945913326598       -4.9305563919965492        1.0817055350536103E-011   6.8051594769273667E-009
  0.72030033205868482      -0.74210945913326598       -4.9305563919965492       0.74691346662584657       -7.7568182159215196E-002  -4.9992478264189275        1.1551346476982210E-011   6.8565103300502400E-009
  0.74691346662584657       -7.7568182159215196E-002  -4.9992478264189275       0.77305366162569222       0.57737770288261347       -4.9581100273001502        1.0373063839620714E-011   6.3924339593152891E-009
  0.77305366162569222       0.57737770288261347       -4.9581100273001502       0.79800596000389323        1.1883093558149607       -4.8194136820829758        7.8473789129050012E-012   5.3467416926541591E-009
  0.79800596000389323        1.1883093558149607       -4.8194136820829758       0.82122085707019954        1.7308300337269429       -4.6061374619319206        5.0894245409122611E-012   4.0370931648885057E-009
  0.82122085707019954        1.7308300337269429       -4.6061374619319206       0.84238935008432914        2.1937664149117113       -4.3447554345281238        2.9256117609312890E-012   2.4648840559715284E-009
  0.84238935008432914        2.1937664149117113       -4.3447554345281238       0.86145563937071978        2.5777775418230897       -4.0586047382544397        1.5619958250469561E-012   2.1191949230619927E-009
  0.86145563937071978        2.5777775418230897       -4.0586047382544397       0.87857006462436593        2.8911557657633615       -3.7642753730576972        8.1714362107957947E-013   1.7876741206521631E-009
  0.87857006462436593        2.8911557657633615       -3.7642753730576972       0.89400492217189753        3.1452301610170528       -3.4713411812675004        4.3965469538500526E-013   1.9781769406326305E-009
  0.89400492217189753        3.1452301610170528       -3.4713411812675004       0.90806443351426558        3.3509967116003123       -3.1842209226275378        2.5114852235185155E-013   2.0477560343636125E-009
  0.90806443351426558        3.3509967116003123       -3.1842209226275378       0.92101556869494305        3.5174515683140299       -2.9046087431714609        1.5340045151375061E-013   2.0227799660220897E-009
  0.92101556869494305        3.5174515683140299       -2.9046087431714609       0.93305378351717660        3.6513185232261383       -2.6333624955733774        9.8975983994582812E-014   1.2967013742967347E-009
  0.93305378351717660        3.6513185232261383       -2.6333624955733774       0.94430382204064522        3.7575602394678338       -2.3714011254080392        6.5919014957588344E-014   1.9130199710774654E-009
  0.94430382204064522        3.7575602394678338       -2.3714011254080392       0.95484504861089714        3.8400864325075066       -2.1197036174237232        4.4573909752529597E-014   1.4357242335473406E-009
  0.95484504861089714        3.8400864325075066       -2.1197036174237232       0.96474532119264589        3.9022657642988618       -1.8788184708920377        3.0703207417620724E-014   2.2184408997260398E-009
  0.96474532119264589        3.9022657642988618       -1.8788184708920377       0.97408818498783523        3.9471036286793000       -1.6483617388978944        2.1573823729295895E-014   1.5834902225116138E-009
  0.97408818498783523        3.9471036286793000       -1.6483617388978944       0.98298481593564935        3.9771624588419163       -1.4268240574036613        1.6030145877690049E-014   1.7671535641008362E-009
  0.98298481593564935        3.9771624588419163       -1.4268240574036613       0.99157149116754684        3.9943922360689230       -1.2117325304064299        1.3014299907163206E-014   1.8215842475071814E-009
  0.99157149116754684        3.9943922360689230       -1.2117325304064299        1.0000000000000000        4.0000000000000000       -1.0000000000000009        1.1705804061623317E-014   1.2898029998671057E-009
 inner1,          70
   0.0000000000000000       -1.0000000000000000       -1.0000000000000000        7.3903522409939845E-003 -0.99168544046533347       -1.0042649723801185        1.1281103510962580E-016   5.2023737279123146E-010
   7.3903522409939845E-003 -0.99168544046533347       -1.0042649723801185        1.4887496751201925E-002 -0.98139576880268642       -1.0024596193068640        1.5363284210903883E-016   3.9837038569371362E-010
   1.4887496751201925E-002 -0.98139576880268642       -1.0024596193068640        2.2624209497714896E-002 -0.96887261178948592      -0.99453057322643368        1.4449921279148773E-016   3.8652858591145720E-010
   2.2624209497714896E-002 -0.96887261178948592      -0.99453057322643368        3.0722714842110734E-002 -0.95375207593113720      -0.98008950254009763        1.2838608891132254E-016   2.3953202536768315E-010
   3.0722714842110734E-002 -0.95375207593113720      -0.98008950254009763        3.9318502057937126E-002 -0.93552306650180650      -0.95842762892386069        9.3520778507346728E-017   1.4342128251344262E-010
   3.9318502057937126E-002 -0.93552306650180650      -0.95842762892386069        4.8574383686249084E-002 -0.91347102234872268      -0.92846683567620603        1.4149457300176945E-016   1.4930945762428674E-010
   4.8574383686249084E-002 -0.91347102234872268      -0.92846683567620603        5.8690964499066842E-002 -0.88660542701216771      -0.88869068160073117        9.3950401459708964E-017   1.8403590257127969E-010
   5.8690964499066842E-002 -0.88660542701216771      -0.88869068160073117        6.9906333277255955E-002 -0.85359748635622035      -0.83713610503647062        1.7611404962022232E-016   1.3630699257191393E-010
   6.9906333277255955E-002 -0.85359748635622035      -0.83713610503647062        8.2481950150199143E-002 -0.81275974689514097      -0.77155843390598466        1.8636235385919130E-016   1.0042920127355729E-010
   8.2481950150199143E-002 -0.81275974689514097      -0.77155843390598466        9.6677162803490257E-002 -0.76209515732632149      -0.68988026589865903        1.8758366993363127E-016   1.3862689766121003E-010
   9.6677162803490257E-002 -0.76209515732632149      -0.68988026589865903       0.11271730727295756      -0.69943799511310878      -0.59100292372734831        1.2435400023282272E-016   1.2854339094723014E-010
  0.11271730727295756      -0.69943799511310878      -0.59100292372734831       0.13075815754717235      -0.62271177530668742      -0.47600009369564583        1.9333322845193602E-016   1.5152871762929571E-010
  0.13075815754717235      -0.62271177530668742      -0.47600009369564583       0.15084596602553349      -0.53033131935959266      -0.34959015917882047        1.4209910646569641E-016   9.6371106104003607E-011
  0.15084596602553349      -0.53033131935959266      -0.34959015917882047       0.17287395290465271      -0.42174378792572037      -0.22152176243339847        1.1770449975852568E-016   8.3788967020881703E-011
  0.17287395290465271      -0.42174378792572037      -0.22152176243339847       0.19654566484254263      -0.29800293715794535      -0.10711912790012618        1.7684701064388957E-016   4.4357420811583327E-011
  0.19654566484254263      -0.29800293715794535      -0.10711912790012618       0.22136665937312508      -0.16213156797692746       -2.6023198052447648E-002   2.8493803818328649E-017   3.8694165239008498E-011
  0.22136665937312508      -0.16213156797692746       -2.6023198052447648E-002  0.24668567501390337       -1.8977045502449059E-002   1.3356779892459724E-003   6.2026787159111922E-017   2.3099289151162772E-011
  0.24668567501390337       -1.8977045502449059E-002   1.3356779892459724E-003  0.27178763990252147       0.12540798326620881       -3.7979601741134392E-002   4.2600949311200015E-007   1.4972510840928615E-004
  0.27178763990252147       0.12540798326620881       -3.7979601741134392E-002  0.29601231398602301       0.26425756248864268      -0.13040301402045684        1.8876400292128629E-016   3.2261464414961951E-011
  0.29601231398602301       0.26425756248864268      -0.13040301402045684       0.31885464319441137       0.39201735741025118      -0.25321485181296588        1.2789152708708145E-016   5.3707870618919805E-011
  0.31885464319441137       0.39201735741025118      -0.25321485181296588       0.34001086629420219       0.50537321062026397      -0.38689698454705301        2.5616840313147193E-016   7.0661857303231343E-011
  0.34001086629420219       0.50537321062026397      -0.38689698454705301       0.35936310217437273       0.60312953203811170      -0.51741314857919629        1.3402545871054405E-016   7.7872598268717983E-011
  0.35936310217437273       0.60312953203811170      -0.51741314857919629       0.37692416709102250       0.68560839665393591      -0.63617190026983983        6.9562169213398461E-017   1.0403446928177564E-010
  0.37692416709102250       0.68560839665393591      -0.63617190026983983       0.39277579436504667       0.75398659285774927      -0.73881920770389442        1.8383267077910872E-016   1.2560321894609051E-010
  0.39277579436504667       0.75398659285774927      -0.73881920770389442       0.40702488365054523       0.80981651890002271      -0.82388177160784137        2.0819169497208310E-016   1.1553825115375224E-010
  0.40702488365054523       0.80981651890002271      -0.82388177160784137       0.41978479606366564       0.85476434962466175      -0.89171824801787425        1.5017144686864057E-016   1.4368839244431730E-010
  0.41978479606366564       0.85476434962466175      -0.89171824801787425       0.43117464923554866       0.89048644745061323      -0.94379791419249670        1.9400712107538154E-016   1.6548781766944597E-010
  0.43117464923554866       0.89048644745061323      -0.94379791419249670       0.44132482172325099       0.91855994186331713      -0.98218232268317618        2.1949796385474787E-016   1.3479965003678861E-010
  0.44132482172325099       0.91855994186331713      -0.98218232268317618       0.45037992480395622       0.94042646706964517       -1.0091241889346678        1.4094555918461731E-016   1.6269423948234208E-010
  0.45037992480395622       0.94042646706964517       -1.0091241889346678       0.45849662549217735       0.95734587728984977       -1.0267661709008873        1.5497174927179581E-016   2.5531423817512846E-010
  0.45849662549217735       0.95734587728984977       -1.0267661709008873       0.46583862541634474       0.97036942968596374       -1.0369455452155776        1.7696329209032969E-016   3.9805523659366084E-010
  0.46583862541634474       0.97036942968596374       -1.0369455452155776       0.47257259195998219       0.98033555207562795       -1.0410933854318329        1.2425699463179402E-016   4.3291681884183624E-010
  0.47257259195998219       0.98033555207562795       -1.0410933854318329       0.47886711769528234       0.98788051530792975       -1.0401937165347521        2.9451718137420015E-016   3.8677885938269607E-010
  0.47886711769528234       0.98788051530792975       -1.0401937165347521       0.48489394039464256       0.99345140719991620       -1.0347630906105436        1.4738761539701331E-016   2.9606512278302944E-010
  0.48489394039464256       0.99345140719991620       -1.0347630906105436       0.49082903516184628       0.99731142652291782       -1.0248234015126862        2.5110406201445191E-016   4.2431785662849048E-010
  0.49082903516184628       0.99731142652291782       -1.0248234015126862       0.49685167076238601       0.99953337257782160       -1.0098561490570936        1.5437627763374203E-016   2.5050190925313536E-010
  0.49685167076238601       0.99953337257782160       -1.0098561490570936       0.50314114370636398       0.99998364954585006      -0.98874607564836958        2.2071908132372755E-008   7.7525931174751646E-005
  0.50314114370636398       0.99998364954585006      -0.98874607564836958       0.50987206799367679       0.99834904557806292      -0.95999991300150689        1.2271732038444945E-016   1.3872059203671298E-010
  0.50987206799367679       0.99834904557806292      -0.95999991300150689       0.51720905094341030       0.99414096372208605      -0.92185516320263616        7.8623847208008467E-017   1.5349796096768776E-010
  0.51720905094341030       0.99414096372208605      -0.92185516320263616       0.52530089632147914       0.98665604491857795      -0.87214517161326044        7.2211794344567143E-017   1.2774788531368934E-010
  0.52530089632147914       0.98665604491857795      -0.87214517161326044       0.53427436073313017       0.97499017254383735      -0.80845336237611920        8.4035031386024174E-017   1.2882522111764686E-010
  0.53427436073313017       0.97499017254383735      -0.80845336237611920       0.54422861972183234       0.95807576088219892      -0.72835914905946786        8.9651743880859409E-017   1.0326180871322467E-010
  0.54422861972183234       0.95807576088219892      -0.72835914905946786       0.55523320996039960       0.93473933658796349      -0.62974586751162986        7.7609458011109296E-017   1.0012952038936378E-010
  0.55523320996039960       0.93473933658796349      -0.62974586751162986       0.56733226801144920       0.90376537449579886      -0.51111638665597003        4.9715943482386661E-017   1.1190141212253599E-010
  0.56733226801144920       0.90376537449579886      -0.51111638665597003       0.58055472160268384       0.86394710035771993      -0.37186839215090317        4.8691525236400892E-017   7.3280111056865084E-011
  0.58055472160268384       0.86394710035771993      -0.37186839215090317       0.59492469468721554       0.81412219643180361      -0.21255722507896960        3.5636164099291498E-017   8.4395342223599289E-011
  0.59492469468721554       0.81412219643180361      -0.21255722507896960       0.61046300105238804       0.75322679938067594       -3.5266008874766074E-002   4.3072234994759912E-017   8.5967842091064181E-011
  0.61046300105238804       0.75322679938067594       -3.5266008874766074E-002  0.62717377508168537       0.68042186776408564       0.15581350554627421        2.6050935439307940E-017   9.6244834068260347E-011
  0.62717377508168537       0.68042186776408564       0.15581350554627421       0.64501998729238719       0.59531458682356275       0.35368162382376661        4.3488864564175513E-017   5.3032686479216990E-011
  0.64501998729238719       0.59531458682356275       0.35368162382376661       0.66390130006553583       0.49821765330341156       0.54806695971237851        3.1230059754044867E-017   6.6084388899333515E-011
  0.66390130006553583       0.49821765330341156       0.54806695971237851       0.68364899390470790       0.39032198415697594       0.72562275811726329        2.8561618968134222E-017   8.5486413536176351E-011
  0.68364899390470790       0.39032198415697594       0.72562275811726329       0.70404298741078075       0.27367523243308761       0.87093339430227357        4.2650837084529010E-017   7.8819161571503938E-011
  0.70404298741078075       0.27367523243308761       0.87093339430227357       0.72484191457056979       0.15096498880461723       0.96803816120286690        3.6334851247304369E-017   1.3821096044270227E-010
  0.72484191457056979       0.15096498880461723       0.96803816120286690       0.74580945135503007        2.5218213843820024E-002   1.0019650223430141        4.0234101686997181E-017   1.6376033748957586E-010
  0.74580945135503007        2.5218213843820024E-002   1.0019650223430141       0.76672438375001439      -0.10045663828566545       0.96212452528817316        4.9351181768814937E-007   3.6992039764028711E-004
  0.76672438375001439      -0.10045663828566545       0.96212452528817316       0.78737483132394470      -0.22306109966999360       0.85657477513173597        5.6016873748457325E-017   6.9638424318717200E-011
  0.78737483132394470      -0.22306109966999360       0.85657477513173597       0.80754908490377553      -0.33980440681991347       0.70222807247808861        4.3886213120191795E-017   1.0680576131589418E-010
  0.80754908490377553      -0.33980440681991347       0.70222807247808861       0.82703819830934444      -0.44825685496356982       0.51634933855982534        3.1768277260146193E-017   9.9691442771824858E-011
  0.82703819830934444      -0.44825685496356982       0.51634933855982534       0.84565692216896382      -0.54658349335378809       0.31504919150883476        2.5301098362563969E-017   6.2524353760188256E-011
  0.84565692216896382      -0.54658349335378809       0.31504919150883476       0.86327568416762768      -0.63374764227555402       0.11184390158988457        2.7943094751666896E-017   4.6844428594137959E-011
  0.86327568416762768      -0.63374764227555402       0.11184390158988457       0.87984696559180420      -0.70956137538458508       -8.3307211983450508E-002   2.2480607598696649E-017   4.6717771055687977E-011
  0.87984696559180420      -0.70956137538458508       -8.3307211983450508E-002  0.89541143751235808      -0.77453428437926686      -0.26412001826319653        1.6357919968480835E-017   6.8528598792337632E-011
  0.89541143751235808      -0.77453428437926686      -0.26412001826319653       0.91008096958031082      -0.82958453272276877      -0.42730020200731339        3.5335810471413528E-017   6.8469635100269851E-011
  0.91008096958031082      -0.82958453272276877      -0.42730020200731339       0.92400812737361437      -0.87573547467151036      -0.57145817584980718        3.0975447994737630E-017   8.1546774645939011E-011
  0.92400812737361437      -0.87573547467151036      -0.57145817584980718       0.93735620730519864      -0.91389473827300272      -0.69607798430714840        6.5524935495567279E-017   1.1734519910832906E-010
  0.93735620730519864      -0.91389473827300272      -0.69607798430714840       0.95027876277276824      -0.94474210044469276      -0.80078529763438167        8.2059464231145859E-017   1.3284262147358795E-010
  0.95027876277276824      -0.94474210044469276      -0.80078529763438167       0.96290907296007944      -0.96869887821264866      -0.88492558440670388        7.0606905301562251E-017   1.6140154664223909E-010
  0.96290907296007944      -0.96869887821264866      -0.88492558440670388       0.97535543382833856      -0.98594157023551754      -0.94736373780528071        6.9316430106967320E-017   1.1082134271211336E-010
  0.97535543382833856      -0.98594157023551754      -0.94736373780528071       0.98769966610074289      -0.99643867075253556      -0.98643473109985769        8.1784615581027564E-017   1.8494598986819062E-010
  0.98769966610074289      -0.99643867075253556      -0.98643473109985769        1.0000000000000000       -1.0000000000000000       -1.0000000000000000        9.4129045917799974E-017   3.4781700945667878E-010
 inner2,          64
   0.0000000000000000        1.7500000000000000       -1.0000000000000000        3.9738527282346670E-003   1.6716553738482800       -1.0453392182951837        2.6695763845625668E-016   1.6615617910103215E-010
   3.9738527282346670E-003   1.6716553738482800       -1.0453392182951837        7.9366880043562800E-003   1.5959434428181503       -1.0894025022881073        2.8972375413556367E-016   1.3957550608287892E-010
   7.9366880043562800E-003   1.5959434428181503       -1.0894025022881073        1.1881416057133743E-002   1.5229495626054472       -1.1321335582753280        2.7948648352852708E-016   1.3804411018378852E-010
   1.1881416057133743E-002   1.5229495626054472       -1.1321335582753280        1.5814541161128272E-002   1.4525033405146972       -1.1736253808059911        2.6434942569285151E-016   1.7886106008282048E-010
   1.5814541161128272E-002   1.4525033405146972       -1.1736253808059911        1.9754755415053601E-002   1.3842426971253041       -1.2140868528056508        2.2853207062757973E-016   1.5186624671798735E-010
   1.9754755415053601E-002   1.3842426971253041       -1.2140868528056508        2.3729134592411980E-002   1.3177113512432121       -1.2537885378084623        1.9667911220616059E-016   1.3972715716095983E-010
   2.3729134592411980E-002   1.3177113512432121       -1.2537885378084623        2.7768121881170303E-002   1.2524622532491549       -1.2930031748032143        1.8750718419249804E-016   1.6379853267448488E-010
   2.7768121881170303E-002   1.2524622532491549       -1.2930031748032143        3.1901807723111686E-002   1.1881245804044924       -1.3319661487074448        3.1004715275319053E-016   2.3046225195435530E-010
   3.1901807723111686E-002   1.1881245804044924       -1.3319661487074448        3.6158726770421493E-002   1.1244217806565093       -1.3708643577833890        1.9126699783446899E-016   1.1098335281922940E-010
   3.6158726770421493E-002   1.1244217806565093       -1.3708643577833890        4.0566913461892798E-002   1.0611544109517954       -1.4098463845347218        2.2879955164872326E-016   2.3646338434133899E-010
   4.0566913461892798E-002   1.0611544109517954       -1.4098463845347218        4.5156121416051867E-002  0.99817191687906448       -1.4490402269862477        2.1118086227798484E-016   2.7563715061349661E-010
   4.5156121416051867E-002  0.99817191687906448       -1.4490402269862477        4.9960146437596671E-002  0.93535239317095697       -1.4885673512461806        1.8151538102886139E-016   1.8672032786267849E-010
   4.9960146437596671E-002  0.93535239317095697       -1.4885673512461806        5.5018775126592347E-002  0.87259752952585079       -1.5285486371885764        1.7013558804621113E-016   2.3937082159943271E-010
   5.5018775126592347E-002  0.87259752952585079       -1.5285486371885764        6.0379418954608181E-002  0.80984162960051131       -1.5691028235424396        1.9658019782065255E-016   1.4572639382417909E-010
   6.0379418954608181E-002  0.80984162960051131       -1.5691028235424396        6.6098501993795161E-002  0.74707402415459900       -1.6103378521970395        1.5480228817161823E-016   1.2386085346698639E-010
   6.6098501993795161E-002  0.74707402415459900       -1.6103378521970395        7.2242109959481965E-002  0.68438026917103634       -1.6523314905141071        1.7617398454411012E-016   1.5351386404200354E-010
   7.2242109959481965E-002  0.68438026917103634       -1.6523314905141071        7.8884725279715018E-002  0.62201044024174590       -1.6950948882580557        2.0144422951376318E-016   3.8574093917240166E-010
   7.8884725279715018E-002  0.62201044024174590       -1.6950948882580557        8.6104643844854084E-002  0.56047543429705193       -1.7385159001764579        1.7405640580950859E-016   2.8729678644282005E-010
   8.6104643844854084E-002  0.56047543429705193       -1.7385159001764579        9.3975193360452930E-002  0.50065436512113348       -1.7822887355763013        1.5268932016095550E-016   2.8276944151776520E-010
   9.3975193360452930E-002  0.50065436512113348       -1.7822887355763013       0.10255212469424191       0.44387457992161372       -1.8258495230299370        1.0520865227773518E-016   2.7069996735700241E-010
  0.10255212469424191       0.44387457992161372       -1.8258495230299370       0.11185936287555970       0.39191156697160001       -1.8683480221063964        2.6493940613229370E-016   3.4726762734658143E-010
  0.11185936287555970       0.39191156697160001       -1.8683480221063964       0.12187731413090132       0.34686324790614220       -1.9086862544821148        1.8919048549695637E-016   4.2061299723125907E-010
  0.12187731413090132       0.34686324790614220       -1.9086862544821148       0.13253920708081007       0.31089372173002117       -1.9456374534281822        1.2014572747688995E-016   6.5813743280509363E-010
  0.13253920708081007       0.31089372173002117       -1.9456374534281822       0.14374013375897454       0.28590964986504552       -1.9780233596087706        1.1524905429632071E-016   5.4686020581469194E-010
  0.14374013375897454       0.28590964986504552       -1.9780233596087706       0.15535981521978892       0.27329259437730102       -2.0048904623071517        2.2773894895290412E-016   7.0998252952996854E-010
  0.15535981521978892       0.27329259437730102       -2.0048904623071517       0.16729475507623037       0.27381448402952380       -2.0256125734295285        2.1656486724061923E-016   1.2146255268450481E-009
  0.16729475507623037       0.27381448402952380       -2.0256125734295285       0.17949102352653895       0.28779369370277985       -2.0398726052114711        2.4439880962940079E-016   1.3615400331100220E-009
  0.17949102352653895       0.28779369370277985       -2.0398726052114711       0.19196756126613243       0.31544252928000360       -2.0475273161794849        2.3053537080752091E-016   6.2123184124549056E-010
  0.19196756126613243       0.31544252928000360       -2.0475273161794849       0.20482146298841752       0.35727083042919960       -2.0484062840793431        2.6084552190023744E-016   5.8963216253849577E-010
  0.20482146298841752       0.35727083042919960       -2.0484062840793431       0.21820978136569741       0.41437305598992880       -2.0421232351700649        1.9513058754001021E-016   8.2080901393037548E-010
  0.21820978136569741       0.41437305598992880       -2.0421232351700649       0.23230703591657617       0.48843373611886132       -2.0279854323651056        2.0635331501865415E-016   6.4431326420442109E-010
  0.23230703591657617       0.48843373611886132       -2.0279854323651056       0.24724559667955118       0.58134562621429997       -2.0050740730066758        1.9337057871252856E-016   6.8700433482084569E-010
  0.24724559667955118       0.58134562621429997       -2.0050740730066758       0.26305694489537890       0.69440783124211491       -1.9725327889958983        1.3802649521975784E-008   1.0896940221706132E-005
  0.26305694489537890       0.69440783124211491       -1.9725327889958983       0.27963919370692980       0.82703209472445860       -1.9300577633898099        1.8943585282019264E-016   1.8061252121368956E-010
  0.27963919370692980       0.82703209472445860       -1.9300577633898099       0.29677151822150560       0.97644335606147292       -1.8781641030792631        1.4718449304350294E-016   2.0997713542335472E-010
  0.29677151822150560       0.97644335606147292       -1.8781641030792631       0.31417737505959453        1.1382098844032225       -1.8181436711600898        3.3065696541856451E-016   2.1647965924404716E-010
  0.31417737505959453        1.1382098844032225       -1.8181436711600898       0.33161518138047374        1.3073461222840250       -1.7517034751770142        1.6237085295315018E-016   2.6545089686031380E-010
  0.33161518138047374        1.3073461222840250       -1.7517034751770142       0.34896198294785369        1.4796283883836252       -1.6804077157780271        2.8017686174874175E-016   1.9348077902811365E-010
  0.34896198294785369        1.4796283883836252       -1.6804077157780271       0.36625988285083144        1.6524575734426223       -1.6052004444726526        2.1064046226399214E-016   3.2499772584117471E-010
  0.36625988285083144        1.6524575734426223       -1.6052004444726526       0.38371171410133320        1.8248647615513196       -1.5262294082677481        1.5516062624700790E-016   2.8633045431023269E-010
  0.38371171410133320        1.8248647615513196       -1.5262294082677481       0.40163081709800652        1.9966646812853628       -1.4430373455183201        2.6783495740183277E-016   5.0065819765822806E-010
  0.40163081709800652        1.9966646812853628       -1.4430373455183201       0.42036258462657983        2.1670653497173236       -1.3550451858316654        1.7121492868354969E-016   3.6035202618583188E-010
  0.42036258462657983        2.1670653497173236       -1.3550451858316654       0.44020178878868343        2.3331848377827074       -1.2621660746441898        2.9111465243742712E-016   3.2046387782174984E-010
  0.44020178878868343        2.3331848377827074       -1.2621660746441898       0.46133077337709860        2.4889500834563787       -1.1653508472783423        2.4188023524466457E-016   4.9778203859220974E-010
  0.46133077337709860        2.4889500834563787       -1.1653508472783423       0.48379835481371519        2.6247365203011244       -1.0668795399665667        2.0481265214911759E-016   6.1333309005310076E-010
  0.48379835481371519        2.6247365203011244       -1.0668795399665667       0.50754594159398603        2.7278547819079524      -0.97029630684864998        2.0330709687587308E-007   1.2976399664836681E-004
  0.50754594159398603        2.7278547819079524      -0.97029630684864998       0.53246846171895235        2.7884135369991383      -0.87896744467149079        1.9773532319883981E-016   5.0165270054631077E-010
  0.53246846171895235        2.7884135369991383      -0.87896744467149079       0.55848170952003251        2.8050333715708229      -0.79459851348415478        4.7364374945146306E-016   4.4349985901486130E-010
  0.55848170952003251        2.8050333715708229      -0.79459851348415478       0.58556415375282223        2.7788555876020986      -0.71845339665887475        2.7857601736625096E-016   4.2093326892811884E-010
  0.58556415375282223        2.7788555876020986      -0.71845339665887475       0.61375299423128060        2.7124895652088532      -0.65164019724144084        1.5387049157429133E-016   5.7131336361060826E-010
  0.61375299423128060        2.7124895652088532      -0.65164019724144084       0.64309517229312618        2.6100385380471192      -0.59532070667334003        1.5558379269808925E-016   3.8106684920994277E-010
  0.64309517229312618        2.6100385380471192      -0.59532070667334003       0.67357347662787859        2.4777063832436026      -0.55082154660017801        2.0713702593611675E-016   4.7996611080299229E-010
  0.67357347662787859        2.4777063832436026      -0.55082154660017801       0.70503747620979496        2.3246213097133608      -0.51953345678364904        1.8035817233233868E-016   5.2378010027242827E-010
  0.70503747620979496        2.3246213097133608      -0.51953345678364904       0.73716633783844498        2.1631620562310800      -0.50260094073632233        2.6647884867474874E-016   4.1707299247203300E-010
  0.73716633783844498        2.1631620562310800      -0.50260094073632233       0.76947854405132776        2.0079130185304144      -0.50057318575710730        1.8009726276463652E-007   8.0517071597991128E-005
  0.76947854405132776        2.0079130185304144      -0.50057318575710730       0.80138764930474726        1.8704811842574416      -0.51379223209759606        1.2048963669887411E-016   3.0624333675056314E-010
  0.80138764930474726        1.8704811842574416      -0.51379223209759606       0.83228921763123687        1.7583022089014615      -0.54198160595485678        6.6139616573574038E-017   2.2588227220525628E-010
  0.83228921763123687        1.7583022089014615      -0.54198160595485678       0.86165631023900069        1.6758979446734159      -0.58367308234915016        9.7803106740334087E-017   3.0734547749075036E-010
  0.86165631023900069        1.6758979446734159      -0.58367308234915016       0.88912115753744492        1.6244861107987623      -0.63653627890510833        1.5124195961088914E-016   2.6967196700081215E-010
  0.88912115753744492        1.6244861107987623      -0.63653627890510833       0.91452758686793678        1.6024815935892036      -0.69796495333824593        1.2282482285043875E-016   3.5430719275818834E-010
  0.91452758686793678        1.6024815935892036      -0.69796495333824593       0.93794853655418464        1.6066973884860885      -0.76572351324688337        1.1631916883161628E-016   3.8556994031243236E-010
  0.93794853655418464        1.6066973884860885      -0.76572351324688337       0.95967151772710235        1.6337947492727496      -0.83848345020035531        1.5255485900016505E-016   3.3037636377621000E-010
  0.95967151772710235        1.6337947492727496      -0.83848345020035531       0.98015998521221581        1.6815871517761054      -0.91615412986633182        1.4085158482927319E-016   2.4764292835821875E-010
  0.98015998521221581        1.6815871517761054      -0.91615412986633182        1.0000000000000000        1.7500000000000000       -1.0000000000000000        1.7878150958419688E-016   3.9403556267443652E-010
 inner3,          16
   0.0000000000000000       -2.2999999999999998       -1.0000000000000000        6.4919260746422958E-002  -2.1831453306564383       -1.0000000000000000        2.1306456231299300E-016   2.5938427265097567E-009
   6.4919260746422958E-002  -2.1831453306564383       -1.0000000000000000       0.13043935611886578       -2.0652091589860415       -1.0000000000000000        2.7302976108444326E-016   2.5918662470676184E-009
  0.13043935611886578       -2.0652091589860415       -1.0000000000000000       0.19708046770081730       -1.9452551581385289       -1.0000000000000000        2.3821342246404930E-016   1.6863887599706469E-009
  0.19708046770081730       -1.9452551581385289       -1.0000000000000000       0.26485469920852134       -1.8232615414246616       -1.0000000000000000        2.0414490272332389E-016   7.0637933466559794E-014
  0.26485469920852134       -1.8232615414246616       -1.0000000000000000       0.33333333333333331       -1.7000000000000000       -1.0000000000000000        1.5065939684206171E-016   2.0477147231498546E-009
  0.33333333333333331       -1.7000000000000000       -1.0000000000000000       0.38442654897709272       -1.7459838940793835      -0.90803221184123306        2.2549912119254975E-016   1.1891514884602862E-009
  0.38442654897709272       -1.7459838940793835      -0.90803221184123306       0.43656483773323140       -1.7929083539599082      -0.81418329208018347        1.2994626838550510E-016   1.3594770507571329E-009
  0.43656483773323140       -1.7929083539599082      -0.81418329208018347       0.49080010743126423       -1.8417200966881377      -0.71655980662372443        1.6651199241859131E-016   1.1644416123317089E-009
  0.49080010743126423       -1.8417200966881377      -0.71655980662372443       0.54752120690056472       -1.8927690862105082      -0.61446182757898360        1.3646160121460616E-016   1.2159247596749829E-009
  0.54752120690056472       -1.8927690862105082      -0.61446182757898360       0.60644681999403927       -1.9458021379946353      -0.50839572401072941        2.9565941266446030E-016   1.1738470817867441E-009
  0.60644681999403927       -1.9458021379946353      -0.50839572401072941       0.66666666666666663       -2.0000000000000000      -0.40000000000000002        1.7598270176248332E-016   1.1739118897145824E-009
  0.66666666666666663       -2.0000000000000000      -0.40000000000000002       0.73455058488621727       -2.0610955263975956      -0.52219105279519107        1.9326511601025146E-016   1.8488198127035182E-009
  0.73455058488621727       -2.0610955263975956      -0.52219105279519107       0.80200975891268111       -2.1218087830214127      -0.64361756604282605        2.1220454981971695E-016   1.0166701686973722E-009
  0.80200975891268111       -2.1218087830214127      -0.64361756604282605       0.86868539508551179       -2.1818168555769604      -0.76363371115392109        3.8665365868838544E-016   2.4278346063572032E-009
  0.86868539508551179       -2.1818168555769604      -0.76363371115392109       0.93458166591550129       -2.2411234993239511      -0.88224699864790246        3.5973225139060713E-016   1.5239275643950083E-009
  0.93458166591550129       -2.2411234993239511      -0.88224699864790246        1.0000000000000000       -2.2999999999999998       -1.0000000000000000        4.2095361277442864E-016   1.1738978457176063E-009
