  
 ----------------
 Bad Element Info
 ----------------
  
 Element          259
          3.4813778212650957        2.2271214868197196        0.0000000000000000     
          3.5203419814985835        2.2534976392803432        0.0000000000000000     
          3.5238597281217263        2.2802305796403171        0.0000000000000000     
          3.5003424980282638        2.2676911329022391        0.0000000000000000     
 Problems:
       Minimum Angle      30.850408905607424     
  
 //////////////////////////////////////////////////
 Element          260
          3.4813778212650957        2.2271214868197196        0.0000000000000000     
          3.5003424980282638        2.2676911329022391        0.0000000000000000     
          3.4986815492737340        2.2919701489770445        0.0000000000000000     
          3.4622754377507681        2.2848177231812024        0.0000000000000000     
 Problems:
       Maximum Angle      151.03224670632272     
  
 //////////////////////////////////////////////////
 Element          274
         -2.1148079745172454        2.8189648564351018        0.0000000000000000     
         -1.9818020579441840        2.9066113191018599        0.0000000000000000     
         -2.0607040008894724        2.9641706946677813        0.0000000000000000     
         -2.1016049722961108        2.9047173757038594        0.0000000000000000     
 Problems:
       Maximum Angle      154.22682267430983     
  
 //////////////////////////////////////////////////
 Element          294
         -2.0344386669205652        3.0332074961999558        0.0000000000000000     
         -1.9768005887765447        3.0426098692156405        0.0000000000000000     
         -2.0070731276910942        3.0731101553728113        0.0000000000000000     
         -2.0282935697016233        3.0797449087139510        0.0000000000000000     
 Problems:
       Maximum Angle      152.14758610480914     
  
 //////////////////////////////////////////////////
 Element          296
         -2.0070731276910942        3.0731101553728113        0.0000000000000000     
         -1.9768005887765447        3.0426098692156405        0.0000000000000000     
         -1.9842816563377297        3.0861831931781474        0.0000000000000000     
         -2.0056643196503350        3.0976490103834187        0.0000000000000000     
 Problems:
       Minimum Angle      35.043201537329395     
  
 //////////////////////////////////////////////////
 Element          306
        -0.52712772229360361        3.2849606681509482        0.0000000000000000     
        -0.20768414929530749        3.3480703826239631        0.0000000000000000     
        -0.34604221420317149        3.4808798419745877        0.0000000000000000     
        -0.58273655926585921        3.5358515010351788        0.0000000000000000     
 Problems:
       Maximum Angle      149.24722180656948     
  
 //////////////////////////////////////////////////
 Element          338
          3.6168782773203003       -1.4211660365924379        0.0000000000000000     
          3.7814324397173307       -1.4733618408011115        0.0000000000000000     
          3.7108333659202968       -1.1686358542488609        0.0000000000000000     
          3.4409735828231485       -1.2487993303763039        0.0000000000000000     
 Problems:
       Maximum Angle      153.18081295268144     
  
 //////////////////////////////////////////////////
 Element          356
          3.4813778212650957        2.2271214868197196        0.0000000000000000     
          3.5363391384175937        2.2016267226950852        0.0000000000000000     
          3.5445052602338736        2.2613396432555022        0.0000000000000000     
          3.5203419814985835        2.2534976392803432        0.0000000000000000     
 Problems:
       Maximum Angle      163.88504033885428     
  
 //////////////////////////////////////////////////
 Element          358
          3.5238597281217263        2.2802305796403171        0.0000000000000000     
          3.5546907605237945        2.3069038440683864        0.0000000000000000     
          3.5635619327148005        2.3388940951755242        0.0000000000000000     
          3.5281387876806782        2.3091324162666367        0.0000000000000000     
 Problems:
       Minimum Angle      34.464674000053563     
  
 //////////////////////////////////////////////////
 Element          361
          3.5228947550600922        2.3462432247132323        0.0000000000000000     
          3.5541078741895253        2.3690273475278256        0.0000000000000000     
          3.5211769394486718        2.3774034343839561        0.0000000000000000     
          3.4859680506835633        2.3335342796471124        0.0000000000000000     
 Problems:
       Minimum Angle      32.258103736901518     
       Maximum Angle      162.86405866869686     
  
 //////////////////////////////////////////////////
 Element          367
          2.8950721415810987        2.5194555512553309        0.0000000000000000     
          2.8273970526740277        2.7232295958332471        0.0000000000000000     
          2.5504103763453454        2.9318597932102302        0.0000000000000000     
          2.6561168109404449        2.6039850978910555        0.0000000000000000     
 Problems:
       Minimum Angle      35.143171588004705     
  
 //////////////////////////////////////////////////
 Element          369
          2.2807767295053383        2.6323428126753292        0.0000000000000000     
          2.2459970203414974        3.1889637728818316        0.0000000000000000     
          1.9493487321296226        3.4463306685325326        0.0000000000000000     
          2.0055149063920759        3.0632316399484227        0.0000000000000000     
 Problems:
       Minimum Angle      28.995987212027945     
       Maximum Angle      155.76932849286416     
  
 //////////////////////////////////////////////////
 Element          375
          4.2327643637882092E-002   3.0789720213683998        0.0000000000000000     
         0.45400887320866318        3.4556209475449537        0.0000000000000000     
          8.2342641008365247E-002   3.4752931253067736        0.0000000000000000     
        -0.20768414929530749        3.3480703826239631        0.0000000000000000     
 Problems:
       Maximum Angle      153.28510794802799     
  
 //////////////////////////////////////////////////
 Element          379
        -0.73641729739882689        3.7140451810137836        0.0000000000000000     
        -0.69011742201205784        3.8159209112979893        0.0000000000000000     
        -0.81593953430402855        3.9170397013450282        0.0000000000000000     
        -0.80225981548411618        3.8092561141618755        0.0000000000000000     
 Problems:
       Maximum Angle      152.56766417662786     
  
 //////////////////////////////////////////////////
 Element          382
        -0.92265310392579891        3.8198076496164668        0.0000000000000000     
        -0.95256108616830248        3.9385471021439802        0.0000000000000000     
         -1.0119537901207254        3.8474061139680940        0.0000000000000000     
        -0.94168916553686099        3.7305089502085353        0.0000000000000000     
 Problems:
       Maximum Angle      153.82868987359387     
  
 //////////////////////////////////////////////////
 Element          396
         -2.0056643196503350        3.0976490103834187        0.0000000000000000     
         -1.9999808225388065        3.1184681189186967        0.0000000000000000     
         -2.0180362387775714        3.1292498193068994        0.0000000000000000     
         -2.0162150270375512        3.1153266377980762        0.0000000000000000     
 Problems:
       Maximum Angle      156.62179955399864     
  
 //////////////////////////////////////////////////
 Element          412
         -3.5240281732739711        1.0343524340747150        0.0000000000000000     
         -3.7234780156044187        1.3524522821772187        0.0000000000000000     
         -3.8311900477054914        1.2092190006119488        0.0000000000000000     
         -3.6415355471239388       0.64944509010955009        0.0000000000000000     
 Problems:
       Minimum Angle      35.693436451731316     
  
 //////////////////////////////////////////////////
  
 ------------------------
 2D Mesh Quality Measures
 ------------------------
  
Signed Area     Aspect Ratio    Condition       Edge Ratio      Jacobian        Minimum Angle   Maximum Angle   Area Sign       
      2.0946E-01      1.1120E+00      1.0179E+00      1.1630E+00      1.8920E-01      8.3056E+01      9.9139E+01      1.0000E+00
      1.8877E-01      1.3313E+00      1.2187E+00      1.6074E+00      1.2455E-01      6.6605E+01      1.2320E+02      1.0000E+00
      2.3095E-01      1.1630E+00      1.0405E+00      1.2716E+00      1.9385E-01      7.8357E+01      1.0572E+02      1.0000E+00
      2.7927E-01      1.0668E+00      1.0194E+00      1.1606E+00      2.4948E-01      7.8797E+01      9.6925E+01      1.0000E+00
      2.5655E-01      1.1145E+00      1.0438E+00      1.3126E+00      2.1420E-01      7.6906E+01      9.9112E+01      1.0000E+00
      1.8710E-01      1.1203E+00      1.0248E+00      1.2481E+00      1.6869E-01      8.4463E+01      9.5831E+01      1.0000E+00
      1.7220E-01      1.1383E+00      1.0243E+00      1.2328E+00      1.6247E-01      8.6109E+01      9.4676E+01      1.0000E+00
      1.6370E-01      1.3812E+00      1.1780E+00      1.6414E+00      1.2122E-01      6.2426E+01      1.1902E+02      1.0000E+00
      2.4350E-01      1.1703E+00      1.1335E+00      1.3290E+00      1.7741E-01      7.4956E+01      1.1761E+02      1.0000E+00
      2.4837E-01      1.1486E+00      1.0512E+00      1.2861E+00      2.1305E-01      7.5361E+01      1.0634E+02      1.0000E+00
      2.3818E-01      1.1227E+00      1.0268E+00      1.2369E+00      2.0499E-01      8.1169E+01      1.0238E+02      1.0000E+00
      2.7904E-01      1.0518E+00      1.0083E+00      1.0939E+00      2.5790E-01      8.2687E+01      9.3600E+01      1.0000E+00
      2.5891E-01      1.0135E+00      1.0004E+00      1.0237E+00      2.5552E-01      8.9139E+01      9.1422E+01      1.0000E+00
      2.4704E-01      1.0137E+00      1.0012E+00      1.0477E+00      2.4066E-01      8.8683E+01      9.1597E+01      1.0000E+00
      2.3010E-01      1.0351E+00      1.0030E+00      1.0807E+00      2.2169E-01      8.8169E+01      9.2320E+01      1.0000E+00
      2.2130E-01      1.0522E+00      1.0035E+00      1.0800E+00      2.1542E-01      8.8210E+01      9.1951E+01      1.0000E+00
      2.3455E-01      1.1255E+00      1.0410E+00      1.2416E+00      1.9947E-01      7.4037E+01      1.0044E+02      1.0000E+00
      2.2804E-01      1.1587E+00      1.1205E+00      1.2824E+00      1.6154E-01      7.9780E+01      1.1682E+02      1.0000E+00
      2.7679E-01      1.0410E+00      1.0099E+00      1.0758E+00      2.5870E-01      8.1966E+01      9.4341E+01      1.0000E+00
      2.5382E-01      1.0086E+00      1.0006E+00      1.0158E+00      2.5083E-01      8.8675E+01      9.1942E+01      1.0000E+00
      2.5144E-01      1.0060E+00      1.0001E+00      1.0118E+00      2.5015E-01      8.9102E+01      9.0611E+01      1.0000E+00
      2.5492E-01      1.0045E+00      1.0001E+00      1.0116E+00      2.5288E-01      8.9514E+01      9.0742E+01      1.0000E+00
      2.5433E-01      1.0062E+00      1.0001E+00      1.0118E+00      2.5159E-01      8.9276E+01      9.0507E+01      1.0000E+00
      2.4980E-01      1.0039E+00      1.0001E+00      1.0113E+00      2.4837E-01      8.9526E+01      9.0488E+01      1.0000E+00
      2.4605E-01      1.0089E+00      1.0002E+00      1.0187E+00      2.4384E-01      8.9368E+01      9.0396E+01      1.0000E+00
      2.4516E-01      1.0131E+00      1.0002E+00      1.0211E+00      2.4304E-01      8.9555E+01      9.0642E+01      1.0000E+00
      2.4793E-01      1.1455E+00      1.0454E+00      1.2991E+00      2.1468E-01      7.5321E+01      1.0415E+02      1.0000E+00
      1.4613E-01      1.4815E+00      1.3218E+00      1.8225E+00      9.0150E-02      5.9399E+01      1.2838E+02      1.0000E+00
      2.3215E-01      1.1307E+00      1.0376E+00      1.2253E+00      2.0464E-01      7.5288E+01      1.0248E+02      1.0000E+00
      2.3485E-01      1.1249E+00      1.0264E+00      1.2301E+00      2.0136E-01      8.1546E+01      1.0260E+02      1.0000E+00
      2.7491E-01      1.0399E+00      1.0095E+00      1.0774E+00      2.5729E-01      8.2140E+01      9.4534E+01      1.0000E+00
      2.5788E-01      1.0033E+00      1.0004E+00      1.0065E+00      2.5647E-01      8.8355E+01      9.1358E+01      1.0000E+00
      2.5411E-01      1.0055E+00      1.0003E+00      1.0094E+00      2.5211E-01      8.8663E+01      9.0969E+01      1.0000E+00
      2.5131E-01      1.0015E+00      1.0000E+00      1.0027E+00      2.5105E-01      8.9630E+01      9.0326E+01      1.0000E+00
      2.5114E-01      1.0007E+00      1.0000E+00      1.0025E+00      2.5084E-01      8.9831E+01      9.0182E+01      1.0000E+00
      2.5104E-01      1.0010E+00      1.0000E+00      1.0024E+00      2.5058E-01      8.9872E+01      9.0080E+01      1.0000E+00
      2.5052E-01      1.0007E+00      1.0000E+00      1.0020E+00      2.5026E-01      8.9913E+01      9.0082E+01      1.0000E+00
      2.5039E-01      1.0034E+00      1.0000E+00      1.0059E+00      2.4979E-01      8.9802E+01      9.0114E+01      1.0000E+00
      2.4981E-01      1.0046E+00      1.0001E+00      1.0115E+00      2.4901E-01      8.9479E+01      9.0466E+01      1.0000E+00
      2.5015E-01      1.1403E+00      1.0437E+00      1.2775E+00      2.1947E-01      7.5591E+01      1.0449E+02      1.0000E+00
      2.0120E-01      1.1976E+00      1.0608E+00      1.4127E+00      1.5648E-01      7.7340E+01      1.0319E+02      1.0000E+00
      2.5538E-01      1.0571E+00      1.0151E+00      1.1484E+00      2.3183E-01      8.0762E+01      9.5980E+01      1.0000E+00
      2.4932E-01      1.0081E+00      1.0001E+00      1.0156E+00      2.4773E-01      8.9357E+01      9.0317E+01      1.0000E+00
      2.5382E-01      1.0040E+00      1.0002E+00      1.0093E+00      2.5219E-01      8.9151E+01      9.1130E+01      1.0000E+00
      2.5390E-01      1.0045E+00      1.0002E+00      1.0094E+00      2.5187E-01      8.8775E+01      9.0839E+01      1.0000E+00
      2.5151E-01      1.0016E+00      1.0000E+00      1.0032E+00      2.5079E-01      8.9521E+01      9.0315E+01      1.0000E+00
      2.5053E-01      1.0007E+00      1.0000E+00      1.0013E+00      2.5028E-01      8.9827E+01      9.0116E+01      1.0000E+00
      2.5024E-01      1.0002E+00      1.0000E+00      1.0006E+00      2.5017E-01      8.9950E+01      9.0040E+01      1.0000E+00
      2.5024E-01      1.0001E+00      1.0000E+00      1.0002E+00      2.5020E-01      8.9978E+01      9.0016E+01      1.0000E+00
      2.5059E-01      1.0011E+00      1.0000E+00      1.0018E+00      2.5046E-01      8.9937E+01      9.0052E+01      1.0000E+00
      2.5210E-01      1.0058E+00      1.0000E+00      1.0093E+00      2.5121E-01      8.9657E+01      9.0267E+01      1.0000E+00
      2.5431E-01      1.0185E+00      1.0005E+00      1.0260E+00      2.5132E-01      8.8985E+01      9.1069E+01      1.0000E+00
      2.3605E-01      1.1126E+00      1.0262E+00      1.2154E+00      2.0315E-01      8.1928E+01      1.0253E+02      1.0000E+00
      2.3269E-01      1.1041E+00      1.0255E+00      1.2133E+00      2.0325E-01      8.1312E+01      1.0190E+02      1.0000E+00
      2.4760E-01      1.0054E+00      1.0000E+00      1.0113E+00      2.4582E-01      8.9663E+01      9.0487E+01      1.0000E+00
      2.5077E-01      1.0008E+00      1.0000E+00      1.0018E+00      2.5039E-01      8.9815E+01      9.0253E+01      1.0000E+00
      2.5094E-01      1.0009E+00      1.0000E+00      1.0019E+00      2.5059E-01      8.9757E+01      9.0191E+01      1.0000E+00
      2.5046E-01      1.0005E+00      1.0000E+00      1.0010E+00      2.5021E-01      8.9857E+01      9.0088E+01      1.0000E+00
      2.5014E-01      1.0002E+00      1.0000E+00      1.0003E+00      2.5007E-01      8.9955E+01      9.0028E+01      1.0000E+00
      2.5005E-01      1.0000E+00      1.0000E+00      1.0001E+00      2.5003E-01      8.9988E+01      9.0008E+01      1.0000E+00
      2.5012E-01      1.0002E+00      1.0000E+00      1.0003E+00      2.5011E-01      8.9988E+01      9.0010E+01      1.0000E+00
      2.5073E-01      1.0015E+00      1.0000E+00      1.0028E+00      2.5059E-01      8.9913E+01      9.0060E+01      1.0000E+00
      2.5364E-01      1.0072E+00      1.0001E+00      1.0139E+00      2.5264E-01      8.9534E+01      9.0268E+01      1.0000E+00
      2.6385E-01      1.0271E+00      1.0013E+00      1.0507E+00      2.5785E-01      8.7758E+01      9.1174E+01      1.0000E+00
      3.0266E-01      1.0582E+00      1.0092E+00      1.1354E+00      2.7510E-01      8.2979E+01      9.3363E+01      1.0000E+00
      1.3842E-01      1.6272E+00      1.3424E+00      2.1502E+00      6.8535E-02      6.3572E+01      1.3005E+02      1.0000E+00
      2.3656E-01      1.1136E+00      1.0316E+00      1.2326E+00      2.0513E-01      7.9900E+01      1.0312E+02      1.0000E+00
      2.4985E-01      1.0092E+00      1.0002E+00      1.0151E+00      2.4724E-01      8.9207E+01      9.1127E+01      1.0000E+00
      2.5100E-01      1.0031E+00      1.0000E+00      1.0042E+00      2.5048E-01      8.9683E+01      9.0314E+01      1.0000E+00
      2.5053E-01      1.0009E+00      1.0000E+00      1.0015E+00      2.5034E-01      8.9899E+01      9.0075E+01      1.0000E+00
      2.5020E-01      1.0002E+00      1.0000E+00      1.0004E+00      2.5014E-01      8.9973E+01      9.0015E+01      1.0000E+00
      2.5006E-01      1.0000E+00      1.0000E+00      1.0001E+00      2.5004E-01      8.9993E+01      9.0005E+01      1.0000E+00
      2.5003E-01      1.0000E+00      1.0000E+00      1.0001E+00      2.5002E-01      8.9998E+01      9.0001E+01      1.0000E+00
      2.5012E-01      1.0002E+00      1.0000E+00      1.0004E+00      2.5011E-01      8.9990E+01      9.0009E+01      1.0000E+00
      2.5075E-01      1.0014E+00      1.0000E+00      1.0029E+00      2.5070E-01      8.9955E+01      9.0056E+01      1.0000E+00
      2.5362E-01      1.0072E+00      1.0001E+00      1.0142E+00      2.5311E-01      8.9847E+01      9.0251E+01      1.0000E+00
      2.6374E-01      1.0273E+00      1.0013E+00      1.0528E+00      2.5975E-01      8.9231E+01      9.0973E+01      1.0000E+00
      3.0175E-01      1.0595E+00      1.0092E+00      1.1451E+00      2.8522E-01      8.7639E+01      9.3736E+01      1.0000E+00
      2.4661E-01      1.1572E+00      1.1363E+00      1.3147E+00      2.0570E-01      7.1073E+01      1.1544E+02      1.0000E+00
      2.7787E-01      1.0629E+00      1.0058E+00      1.1131E+00      2.5519E-01      8.5113E+01      9.4518E+01      1.0000E+00
      2.5746E-01      1.0165E+00      1.0012E+00      1.0293E+00      2.5271E-01      8.7335E+01      9.1796E+01      1.0000E+00
      2.5282E-01      1.0093E+00      1.0002E+00      1.0142E+00      2.5145E-01      8.8997E+01      9.0937E+01      1.0000E+00
      2.5116E-01      1.0038E+00      1.0000E+00      1.0056E+00      2.5062E-01      8.9597E+01      9.0395E+01      1.0000E+00
      2.5044E-01      1.0011E+00      1.0000E+00      1.0016E+00      2.5025E-01      8.9851E+01      9.0143E+01      1.0000E+00
      2.5020E-01      1.0004E+00      1.0000E+00      1.0006E+00      2.5010E-01      8.9937E+01      9.0054E+01      1.0000E+00
      2.5010E-01      1.0001E+00      1.0000E+00      1.0002E+00      2.5005E-01      8.9977E+01      9.0017E+01      1.0000E+00
      2.5016E-01      1.0002E+00      1.0000E+00      1.0004E+00      2.5014E-01      8.9986E+01      9.0011E+01      1.0000E+00
      2.5077E-01      1.0012E+00      1.0000E+00      1.0025E+00      2.5068E-01      8.9931E+01      9.0083E+01      1.0000E+00
      2.5260E-01      1.0070E+00      1.0001E+00      1.0127E+00      2.5198E-01      8.9752E+01      9.0180E+01      1.0000E+00
      2.5445E-01      1.0282E+00      1.0014E+00      1.0538E+00      2.4980E-01      8.9111E+01      9.1219E+01      1.0000E+00
      2.3759E-01      1.1636E+00      1.0397E+00      1.2434E+00      1.9861E-01      7.9531E+01      1.0589E+02      1.0000E+00
      1.8737E-01      1.2680E+00      1.1651E+00      1.7177E+00      1.1141E-01      7.1044E+01      1.1764E+02      1.0000E+00
      2.6821E-01      1.1005E+00      1.0396E+00      1.1533E+00      2.4477E-01      7.4394E+01      1.0164E+02      1.0000E+00
      2.5564E-01      1.0390E+00      1.0040E+00      1.0728E+00      2.5167E-01      8.6876E+01      9.3828E+01      1.0000E+00
      2.5485E-01      1.0285E+00      1.0017E+00      1.0484E+00      2.5101E-01      8.8093E+01      9.2319E+01      1.0000E+00
      2.5221E-01      1.0094E+00      1.0002E+00      1.0169E+00      2.5071E-01      8.9306E+01      9.0933E+01      1.0000E+00
      2.5143E-01      1.0034E+00      1.0000E+00      1.0052E+00      2.5076E-01      8.9592E+01      9.0473E+01      1.0000E+00
      2.5097E-01      1.0015E+00      1.0000E+00      1.0027E+00      2.5053E-01      8.9727E+01      9.0229E+01      1.0000E+00
      2.5047E-01      1.0005E+00      1.0000E+00      1.0011E+00      2.5023E-01      8.9887E+01      9.0068E+01      1.0000E+00
      2.5029E-01      1.0001E+00      1.0000E+00      1.0002E+00      2.5027E-01      8.9972E+01      9.0024E+01      1.0000E+00
      2.5097E-01      1.0006E+00      1.0000E+00      1.0018E+00      2.5070E-01      8.9828E+01      9.0192E+01      1.0000E+00
      2.5386E-01      1.0041E+00      1.0001E+00      1.0094E+00      2.5271E-01      8.9299E+01      9.0509E+01      1.0000E+00
      2.5455E-01      1.0124E+00      1.0005E+00      1.0305E+00      2.5164E-01      8.9477E+01      9.0773E+01      1.0000E+00
      2.4676E-01      1.1821E+00      1.0440E+00      1.2865E+00      2.0552E-01      7.8336E+01      1.0578E+02      1.0000E+00
      1.7274E-01      1.4020E+00      1.2525E+00      1.9368E+00      9.4966E-02      7.0652E+01      1.2355E+02      1.0000E+00
      2.6559E-01      1.1941E+00      1.0537E+00      1.2949E+00      2.4084E-01      7.8782E+01      1.0282E+02      1.0000E+00
      2.5293E-01      1.0462E+00      1.0049E+00      1.1035E+00      2.4708E-01      8.8542E+01      9.2282E+01      1.0000E+00
      2.5293E-01      1.0158E+00      1.0008E+00      1.0377E+00      2.4941E-01      8.8873E+01      9.1591E+01      1.0000E+00
      2.5491E-01      1.0084E+00      1.0003E+00      1.0140E+00      2.5253E-01      8.9101E+01      9.1282E+01      1.0000E+00
      2.5417E-01      1.0062E+00      1.0002E+00      1.0110E+00      2.5203E-01      8.8956E+01      9.0700E+01      1.0000E+00
      2.5162E-01      1.0014E+00      1.0000E+00      1.0031E+00      2.5095E-01      8.9797E+01      9.0103E+01      1.0000E+00
      2.5056E-01      1.0012E+00      1.0000E+00      1.0025E+00      2.5040E-01      8.9826E+01      9.0148E+01      1.0000E+00
      2.5072E-01      1.0030E+00      1.0000E+00      1.0071E+00      2.4978E-01      8.9708E+01      9.0441E+01      1.0000E+00
      2.5400E-01      1.0072E+00      1.0002E+00      1.0146E+00      2.5121E-01      8.9649E+01      9.0968E+01      1.0000E+00
      2.7868E-01      1.0473E+00      1.0066E+00      1.0880E+00      2.5915E-01      8.3478E+01      9.3186E+01      1.0000E+00
      2.5429E-01      1.1869E+00      1.1781E+00      1.3195E+00      1.8706E-01      6.9957E+01      1.2129E+02      1.0000E+00
      2.1325E-01      1.4010E+00      1.6173E+00      1.8170E+00      1.1173E-01      6.6602E+01      1.3811E+02      1.0000E+00
      2.5620E-01      1.1105E+00      1.0408E+00      1.2855E+00      2.2853E-01      7.9280E+01      9.7579E+01      1.0000E+00
      2.4196E-01      1.1053E+00      1.0317E+00      1.2448E+00      2.0797E-01      8.0921E+01      1.0251E+02      1.0000E+00
      2.7745E-01      1.0508E+00      1.0090E+00      1.0883E+00      2.5849E-01      8.2442E+01      9.4241E+01      1.0000E+00
      2.5898E-01      1.0104E+00      1.0002E+00      1.0153E+00      2.5691E-01      8.9309E+01      9.0553E+01      1.0000E+00
      2.5480E-01      1.0047E+00      1.0002E+00      1.0097E+00      2.5276E-01      8.9361E+01      9.1001E+01      1.0000E+00
      2.5060E-01      1.0055E+00      1.0003E+00      1.0139E+00      2.4965E-01      8.8822E+01      9.1143E+01      1.0000E+00
      2.4844E-01      1.0109E+00      1.0007E+00      1.0314E+00      2.4565E-01      8.8877E+01      9.1235E+01      1.0000E+00
      2.4759E-01      1.0218E+00      1.0020E+00      1.0623E+00      2.4101E-01      8.8305E+01      9.1282E+01      1.0000E+00
      2.4166E-01      1.1135E+00      1.0472E+00      1.2726E+00      2.0712E-01      7.7739E+01      1.0471E+02      1.0000E+00
      2.3216E-01      1.1651E+00      1.1187E+00      1.2905E+00      1.6895E-01      7.8527E+01      1.1658E+02      1.0000E+00
      2.8174E-01      1.0704E+00      1.0064E+00      1.1185E+00      2.6035E-01      8.4937E+01      9.3742E+01      1.0000E+00
      2.5860E-01      1.0110E+00      1.0032E+00      1.0124E+00      2.5677E-01      8.5452E+01      9.4437E+01      1.0000E+00
      2.4840E-01      1.0240E+00      1.0055E+00      1.0570E+00      2.4429E-01      8.5059E+01      9.5146E+01      1.0000E+00
      2.4097E-01      1.0408E+00      1.0082E+00      1.1146E+00      2.3268E-01      8.6201E+01      9.4028E+01      1.0000E+00
      2.3230E-01      1.0609E+00      1.0154E+00      1.1776E+00      2.2055E-01      8.6467E+01      9.3662E+01      1.0000E+00
      2.3653E-01      1.1646E+00      1.0385E+00      1.3184E+00      2.1740E-01      8.3803E+01      9.3626E+01      1.0000E+00
      2.5601E-01      1.1517E+00      1.1472E+00      1.3294E+00      2.0985E-01      7.0401E+01      1.1602E+02      1.0000E+00
      2.7355E-01      1.0528E+00      1.0318E+00      1.0625E+00      2.5676E-01      7.8669E+01      1.0427E+02      1.0000E+00
      2.3164E-01      1.1139E+00      1.0671E+00      1.2210E+00      2.1215E-01      7.5135E+01      1.0782E+02      1.0000E+00
      2.2247E-01      1.1418E+00      1.0672E+00      1.3704E+00      2.0112E-01      8.0584E+01      1.0123E+02      1.0000E+00
      2.0476E-01      1.1927E+00      1.0870E+00      1.5094E+00      1.7890E-01      8.3753E+01      9.9693E+01      1.0000E+00
      1.6872E-01      1.3167E+00      1.5688E+00      2.0867E+00      1.0267E-01      6.5775E+01      1.2541E+02      1.0000E+00
      4.7170E-02      1.3867E+00      1.1544E+00      1.5970E+00      3.1772E-02      6.8999E+01      1.1963E+02      1.0000E+00
      4.3747E-02      1.4493E+00      1.1868E+00      2.0910E+00      2.5437E-02      6.6437E+01      1.1590E+02      1.0000E+00
      7.7702E-02      1.0567E+00      1.0370E+00      1.2070E+00      6.9810E-02      7.9864E+01      1.0104E+02      1.0000E+00
      6.4156E-02      1.1724E+00      1.1100E+00      1.2987E+00      4.8442E-02      7.7461E+01      1.1552E+02      1.0000E+00
      2.6602E-02      1.4860E+00      1.2918E+00      1.9866E+00      1.1441E-02      5.9415E+01      1.2903E+02      1.0000E+00
      3.2779E-02      1.2680E+00      1.1199E+00      1.6417E+00      2.2282E-02      6.6404E+01      1.0296E+02      1.0000E+00
      2.0775E-02      1.1714E+00      1.0585E+00      1.3461E+00      1.7724E-02      7.2407E+01      9.9329E+01      1.0000E+00
      2.1167E-02      1.2426E+00      1.1389E+00      1.3643E+00      1.7900E-02      6.1844E+01      1.1015E+02      1.0000E+00
      2.5857E-02      1.5048E+00      1.4047E+00      1.8851E+00      1.9440E-02      5.0966E+01      1.2070E+02      1.0000E+00
      1.8090E-02      1.3160E+00      1.1012E+00      1.4739E+00      1.3550E-02      7.7543E+01      1.0906E+02      1.0000E+00
      3.3266E-02      1.5183E+00      1.5595E+00      2.1342E+00      2.0629E-02      5.1338E+01      1.3024E+02      1.0000E+00
      2.4910E-02      1.6235E+00      1.5297E+00      2.0480E+00      1.4256E-02      5.1522E+01      1.3508E+02      1.0000E+00
      1.5061E-02      1.1297E+00      1.0248E+00      1.2486E+00      1.2781E-02      7.9597E+01      9.7148E+01      1.0000E+00
      2.6740E-02      1.4766E+00      1.3950E+00      2.0863E+00      1.5155E-02      6.0297E+01      1.2777E+02      1.0000E+00
      1.5724E-02      1.1178E+00      1.0821E+00      1.2104E+00      1.3105E-02      7.6731E+01      1.1198E+02      1.0000E+00
      2.8985E-02      1.4704E+00      1.2165E+00      1.9492E+00      1.7281E-02      6.7017E+01      1.2138E+02      1.0000E+00
      2.6807E-02      1.5201E+00      1.3275E+00      2.0851E+00      1.4958E-02      6.2328E+01      1.2664E+02      1.0000E+00
      7.5909E-02      1.5982E+00      1.5345E+00      2.3165E+00      4.5756E-02      5.1278E+01      1.2868E+02      1.0000E+00
      4.9625E-02      1.2341E+00      1.0687E+00      1.5273E+00      3.6814E-02      7.2278E+01      1.0201E+02      1.0000E+00
      9.6279E-02      1.4851E+00      1.4222E+00      2.0741E+00      5.4090E-02      5.9248E+01      1.2932E+02      1.0000E+00
      5.8464E-02      1.0543E+00      1.0219E+00      1.1692E+00      5.3529E-02      8.0918E+01      9.7876E+01      1.0000E+00
      8.4469E-02      1.1578E+00      1.0239E+00      1.3246E+00      7.1481E-02      7.9782E+01      9.8562E+01      1.0000E+00
      5.2110E-02      1.1174E+00      1.0221E+00      1.2278E+00      4.3183E-02      8.1743E+01      1.0151E+02      1.0000E+00
      8.7457E-02      1.4846E+00      1.3215E+00      1.9607E+00      5.8081E-02      5.5447E+01      1.2279E+02      1.0000E+00
      9.2853E-02      1.6564E+00      1.6115E+00      2.2669E+00      4.9092E-02      5.1421E+01      1.3570E+02      1.0000E+00
      7.3097E-02      1.6521E+00      1.3939E+00      2.3918E+00      3.8153E-02      5.0788E+01      1.1912E+02      1.0000E+00
      4.8755E-02      1.2075E+00      1.0650E+00      1.5109E+00      3.6926E-02      7.4900E+01      1.0232E+02      1.0000E+00
      1.0019E-01      1.7191E+00      1.6551E+00      2.3253E+00      4.7844E-02      5.2028E+01      1.3856E+02      1.0000E+00
      5.9824E-02      1.1160E+00      1.0368E+00      1.2273E+00      4.8502E-02      8.3477E+01      1.0524E+02      1.0000E+00
      1.0190E-01      1.5134E+00      1.3310E+00      2.0867E+00      5.9928E-02      6.0397E+01      1.2545E+02      1.0000E+00
      1.0221E-01      1.5719E+00      1.3873E+00      2.0938E+00      5.8481E-02      5.7390E+01      1.2931E+02      1.0000E+00
      4.8034E-02      1.3792E+00      1.1844E+00      1.5996E+00      3.4848E-02      6.3037E+01      1.2067E+02      1.0000E+00
      5.4866E-02      1.0778E+00      1.0180E+00      1.2017E+00      4.9796E-02      8.4035E+01      9.4290E+01      1.0000E+00
      7.8702E-02      1.1491E+00      1.0289E+00      1.3399E+00      6.4007E-02      8.0037E+01      1.0137E+02      1.0000E+00
      3.6857E-02      1.2541E+00      1.3949E+00      1.3041E+00      2.2478E-02      6.5993E+01      1.3419E+02      1.0000E+00
      9.7282E-02      1.4388E+00      1.4723E+00      1.8630E+00      5.2848E-02      5.9728E+01      1.3408E+02      1.0000E+00
      9.3777E-02      1.4669E+00      1.4760E+00      1.9037E+00      5.1902E-02      5.8061E+01      1.3377E+02      1.0000E+00
      6.9746E-02      1.4460E+00      1.3778E+00      2.0274E+00      4.2610E-02      5.1340E+01      1.1383E+02      1.0000E+00
      1.0414E-01      1.7539E+00      1.6615E+00      2.2528E+00      5.4820E-02      4.8329E+01      1.3851E+02      1.0000E+00
      4.9408E-02      1.3034E+00      1.1278E+00      1.6061E+00      3.8888E-02      8.1163E+01      1.0767E+02      1.0000E+00
      7.9467E-02      1.3369E+00      1.2580E+00      1.4561E+00      6.0895E-02      5.2655E+01      1.1805E+02      1.0000E+00
      6.0462E-02      1.2061E+00      1.0692E+00      1.2891E+00      5.1997E-02      7.2089E+01      1.0914E+02      1.0000E+00
      1.0589E-01      1.6286E+00      1.4918E+00      2.1898E+00      5.8063E-02      5.4036E+01      1.3281E+02      1.0000E+00
      5.2350E-02      1.1066E+00      1.0335E+00      1.2392E+00      4.5311E-02      8.3860E+01      1.0300E+02      1.0000E+00
      8.8242E-02      1.5006E+00      1.3782E+00      2.0899E+00      5.2795E-02      5.8257E+01      1.2643E+02      1.0000E+00
      1.0019E-01      1.5588E+00      1.3953E+00      2.0444E+00      5.6094E-02      5.8100E+01      1.3057E+02      1.0000E+00
      1.0061E-01      1.7573E+00      1.5710E+00      2.2405E+00      5.2068E-02      5.0910E+01      1.3704E+02      1.0000E+00
      4.6439E-02      1.2077E+00      1.0924E+00      1.4501E+00      3.8375E-02      8.0763E+01      1.0881E+02      1.0000E+00
      6.8538E-02      1.5096E+00      1.3235E+00      2.1153E+00      3.8369E-02      5.2397E+01      1.1415E+02      1.0000E+00
      8.0429E-02      1.3972E+00      1.2596E+00      1.5639E+00      5.7446E-02      5.2757E+01      1.1558E+02      1.0000E+00
      1.0684E-01      1.6823E+00      1.5625E+00      2.2794E+00      5.4756E-02      5.3024E+01      1.3542E+02      1.0000E+00
      5.5623E-02      1.1108E+00      1.0604E+00      1.1461E+00      5.1303E-02      7.1849E+01      1.0900E+02      1.0000E+00
      3.5951E-02      1.3952E+00      1.1371E+00      1.8851E+00      2.3045E-02      6.6557E+01      1.0923E+02      1.0000E+00
      1.0263E-01      1.5453E+00      1.3853E+00      2.0204E+00      5.8025E-02      5.8453E+01      1.3019E+02      1.0000E+00
      6.0027E-02      1.0598E+00      1.0107E+00      1.1143E+00      5.5050E-02      8.1745E+01      9.4738E+01      1.0000E+00
      1.0286E-01      1.3080E+00      1.4616E+00      1.5749E+00      5.8467E-02      6.2893E+01      1.3507E+02      1.0000E+00
      4.1128E-02      1.3624E+00      1.4178E+00      1.6995E+00      2.9591E-02      5.3736E+01      1.2801E+02      1.0000E+00
      3.1004E-02      1.3203E+00      1.1503E+00      1.7075E+00      1.9861E-02      6.3742E+01      1.0555E+02      1.0000E+00
      7.3791E-02      1.3613E+00      1.6154E+00      1.5756E+00      3.7782E-02      6.0466E+01      1.4080E+02      1.0000E+00
      6.3715E-02      1.1651E+00      1.0548E+00      1.4073E+00      4.8930E-02      7.9595E+01      1.0591E+02      1.0000E+00
      7.9222E-02      1.1274E+00      1.0268E+00      1.2248E+00      6.8459E-02      7.7680E+01      9.8102E+01      1.0000E+00
      1.0859E-01      1.5010E+00      1.3612E+00      2.1500E+00      5.9512E-02      6.2399E+01      1.2664E+02      1.0000E+00
      5.8338E-02      1.1080E+00      1.0396E+00      1.2089E+00      4.9147E-02      8.3188E+01      1.0559E+02      1.0000E+00
      1.0464E-01      1.5455E+00      1.3547E+00      2.0490E+00      6.1769E-02      5.8187E+01      1.2778E+02      1.0000E+00
      5.0991E-02      1.1076E+00      1.0575E+00      1.1892E+00      4.6313E-02      7.1072E+01      1.0596E+02      1.0000E+00
      5.5365E-02      1.4043E+00      1.5095E+00      1.6381E+00      3.6906E-02      5.2351E+01      1.3445E+02      1.0000E+00
      6.3376E-02      1.0797E+00      1.0174E+00      1.1314E+00      5.8738E-02      7.9958E+01      9.8606E+01      1.0000E+00
      7.0793E-02      1.0188E+00      1.0044E+00      1.0503E+00      6.8859E-02      8.5852E+01      9.4884E+01      1.0000E+00
      8.2217E-02      1.0713E+00      1.0220E+00      1.2005E+00      7.5484E-02      8.4192E+01      9.7827E+01      1.0000E+00
      8.7364E-02      1.1099E+00      1.0212E+00      1.2162E+00      8.0265E-02      8.1029E+01      9.4962E+01      1.0000E+00
      5.7394E-02      1.1251E+00      1.0371E+00      1.2613E+00      4.7042E-02      8.4090E+01      1.0478E+02      1.0000E+00
      1.0283E-01      1.5937E+00      1.4414E+00      2.1045E+00      5.6494E-02      5.6281E+01      1.3205E+02      1.0000E+00
      9.7751E-02      1.4128E+00      1.3161E+00      2.0034E+00      5.9122E-02      6.3211E+01      1.2317E+02      1.0000E+00
      6.7395E-02      1.5341E+00      1.3324E+00      2.1439E+00      3.5038E-02      6.4316E+01      1.2342E+02      1.0000E+00
      1.0363E-01      1.8605E+00      1.9340E+00      2.2649E+00      5.1298E-02      4.3168E+01      1.4490E+02      1.0000E+00
      6.6601E-02      1.5326E+00      1.2984E+00      2.1251E+00      4.4701E-02      6.0441E+01      1.0678E+02      1.0000E+00
      1.0962E-01      1.4189E+00      1.1557E+00      1.9752E+00      6.8706E-02      6.9346E+01      1.1362E+02      1.0000E+00
      3.3106E-02      1.4313E+00      1.2980E+00      2.1226E+00      1.6547E-02      5.9363E+01      1.1816E+02      1.0000E+00
      9.7099E-02      1.6229E+00      1.7412E+00      2.4280E+00      4.5191E-02      5.3512E+01      1.3773E+02      1.0000E+00
      4.5741E-02      1.1856E+00      1.0609E+00      1.3709E+00      4.3090E-02      8.1841E+01      1.0125E+02      1.0000E+00
      7.4985E-02      1.8678E+00      1.6656E+00      1.9700E+00      5.2403E-02      3.9303E+01      1.4020E+02      1.0000E+00
      9.3340E-02      1.5139E+00      1.2088E+00      1.7869E+00      5.6879E-02      6.4693E+01      1.1527E+02      1.0000E+00
      9.6612E-02      1.7117E+00      1.4504E+00      2.2831E+00      5.2094E-02      5.4198E+01      1.3192E+02      1.0000E+00
      5.4635E-02      1.1922E+00      1.2215E+00      1.2164E+00      4.5378E-02      6.3181E+01      1.2411E+02      1.0000E+00
      9.8343E-02      1.4648E+00      1.2867E+00      2.0219E+00      6.0533E-02      6.2129E+01      1.2253E+02      1.0000E+00
      1.0989E-01      1.5930E+00      1.2917E+00      2.0690E+00      6.4569E-02      6.0016E+01      1.2586E+02      1.0000E+00
      6.4101E-02      1.1467E+00      1.0815E+00      1.3148E+00      4.9202E-02      8.0792E+01      1.1161E+02      1.0000E+00
      9.1622E-02      1.0453E+00      1.0035E+00      1.0801E+00      8.8715E-02      8.8189E+01      9.2996E+01      1.0000E+00
      6.5983E-02      1.2352E+00      1.1994E+00      1.2958E+00      5.3867E-02      6.1723E+01      1.2249E+02      1.0000E+00
      6.7671E-02      1.1496E+00      1.1387E+00      1.2664E+00      5.1295E-02      7.3279E+01      1.1819E+02      1.0000E+00
      3.4343E-02      1.5362E+00      1.2092E+00      1.9882E+00      2.2749E-02      6.1533E+01      1.1765E+02      1.0000E+00
      2.7781E-02      1.5966E+00      1.3201E+00      2.0245E+00      1.7096E-02      5.6882E+01      1.2705E+02      1.0000E+00
      1.9510E-02      1.3102E+00      1.2624E+00      1.4122E+00      1.3576E-02      6.3167E+01      1.2726E+02      1.0000E+00
      1.2113E-01      1.7711E+00      1.8303E+00      2.4391E+00      6.4406E-02      4.4971E+01      1.3896E+02      1.0000E+00
      8.7954E-02      1.6280E+00      1.7175E+00      2.4986E+00      4.5987E-02      4.3740E+01      1.2402E+02      1.0000E+00
      5.2188E-02      1.1953E+00      1.1034E+00      1.5334E+00      3.9952E-02      7.1587E+01      1.0500E+02      1.0000E+00
      1.0592E-01      1.5893E+00      1.3453E+00      2.0653E+00      6.0758E-02      5.8514E+01      1.2854E+02      1.0000E+00
      6.1580E-02      1.1295E+00      1.0470E+00      1.3000E+00      4.8789E-02      8.2528E+01      1.0624E+02      1.0000E+00
      9.2940E-02      1.4673E+00      1.3360E+00      1.9991E+00      5.7278E-02      5.9597E+01      1.2522E+02      1.0000E+00
      1.2686E-01      1.7651E+00      1.9268E+00      2.4120E+00      7.1482E-02      4.2353E+01      1.3935E+02      1.0000E+00
      5.4971E-02      1.2310E+00      1.1864E+00      1.6619E+00      3.9433E-02      6.5023E+01      1.0746E+02      1.0000E+00
      8.3375E-02      1.8641E+00      1.9320E+00      2.7730E+00      5.0255E-02      4.1177E+01      1.2581E+02      1.0000E+00
      2.5659E-02      1.5069E+00      1.2865E+00      2.0213E+00      1.5414E-02      6.1669E+01      1.2425E+02      1.0000E+00
      3.4273E-02      1.5957E+00      1.2211E+00      1.9549E+00      2.1374E-02      6.3170E+01      1.1453E+02      1.0000E+00
      1.7358E-02      1.1969E+00      1.2007E+00      1.3234E+00      1.4096E-02      6.2811E+01      1.2122E+02      1.0000E+00
      2.4688E-02      1.0265E+00      1.0024E+00      1.0701E+00      2.4153E-02      8.8658E+01      9.1679E+01      1.0000E+00
      1.9245E-02      1.1963E+00      1.1646E+00      1.3624E+00      1.5219E-02      7.1765E+01      1.1857E+02      1.0000E+00
      1.7949E-02      1.1465E+00      1.0951E+00      1.2087E+00      1.5028E-02      7.2151E+01      1.1386E+02      1.0000E+00
      7.2414E-03      1.4466E+00      1.3244E+00      2.0444E+00      4.2946E-03      6.2495E+01      1.2409E+02      1.0000E+00
      7.9293E-03      1.5564E+00      1.3843E+00      2.2212E+00      4.1707E-03      6.1397E+01      1.2832E+02      1.0000E+00
      4.0449E-03      1.1491E+00      1.0494E+00      1.2529E+00      3.2747E-03      8.0255E+01      1.0759E+02      1.0000E+00
      4.7050E-02      1.5612E+00      1.3894E+00      1.6334E+00      3.7176E-02      4.7117E+01      1.2897E+02      1.0000E+00
      2.6283E-02      1.4228E+00      1.3310E+00      1.4486E+00      2.0714E-02      4.8788E+01      1.2541E+02      1.0000E+00
      1.5743E-02      1.2990E+00      1.2059E+00      1.4845E+00      1.2639E-02      5.6795E+01      1.1651E+02      1.0000E+00
      9.0079E-03      1.2433E+00      1.1272E+00      1.5639E+00      6.9244E-03      6.7090E+01      1.0221E+02      1.0000E+00
      5.2299E-03      1.1885E+00      1.0642E+00      1.4235E+00      4.2279E-03      8.1363E+01      1.0327E+02      1.0000E+00
      7.7690E-03      1.8135E+00      1.4706E+00      1.9953E+00      4.4935E-03      5.0548E+01      1.3560E+02      1.0000E+00
      7.3830E-03      1.1441E+00      1.0336E+00      1.2589E+00      6.8346E-03      7.8606E+01      9.8738E+01      1.0000E+00
      4.3189E-03      1.2793E+00      1.0766E+00      1.4743E+00      3.2268E-03      7.6920E+01      1.0926E+02      1.0000E+00
      8.3256E-04      2.0550E+00      1.9525E+00      1.7655E+00      5.8457E-04      3.0850E+01      1.4312E+02      1.0000E+00
      1.3825E-03      1.8354E+00      2.4608E+00      2.4974E+00      5.2783E-04      4.3373E+01      1.5103E+02      1.0000E+00
      6.8487E-04      1.4224E+00      1.2957E+00      1.4009E+00      5.9180E-04      5.1352E+01      1.2649E+02      1.0000E+00
      3.3194E-03      1.1546E+00      1.1041E+00      1.2020E+00      2.7615E-03      7.2934E+01      1.1499E+02      1.0000E+00
      1.0127E-03      1.8570E+00      1.4798E+00      2.2907E+00      4.2136E-04      5.2950E+01      1.3192E+02      1.0000E+00
      6.2159E-04      1.5175E+00      1.3329E+00      1.5111E+00      5.6079E-04      5.2899E+01      1.2885E+02      1.0000E+00
      6.4657E-04      1.6298E+00      1.4843E+00      2.5763E+00      4.3813E-04      6.7785E+01      1.0603E+02      1.0000E+00
      3.2882E-02      1.5764E+00      1.7597E+00      2.2629E+00      1.9765E-02      4.7064E+01      1.3393E+02      1.0000E+00
      2.6285E-02      1.6425E+00      1.8497E+00      2.2380E+00      1.7309E-02      4.4255E+01      1.3347E+02      1.0000E+00
      1.4761E-02      1.1259E+00      1.0439E+00      1.2809E+00      1.2251E-02      7.3361E+01      9.8714E+01      1.0000E+00
      2.8379E-02      1.5678E+00      1.2432E+00      2.1269E+00      1.5871E-02      6.5477E+01      1.2286E+02      1.0000E+00
      1.4560E-02      1.1155E+00      1.0716E+00      1.2125E+00      1.2162E-02      7.5990E+01      1.1061E+02      1.0000E+00
      2.3305E-02      1.5064E+00      1.3329E+00      2.0019E+00      1.4044E-02      5.9339E+01      1.2654E+02      1.0000E+00
      2.1248E-02      1.3157E+00      1.4187E+00      1.1478E+00      1.6925E-02      5.4256E+01      1.3509E+02      1.0000E+00
      1.8102E-02      1.2385E+00      1.0596E+00      1.4422E+00      1.4719E-02      7.4085E+01      1.0522E+02      1.0000E+00
      8.6468E-03      1.9153E+00      2.3390E+00      2.2073E+00      2.7224E-03      4.7864E+01      1.5423E+02      1.0000E+00
      7.3753E-03      1.6885E+00      1.4073E+00      2.3303E+00      3.7322E-03      5.5995E+01      1.2009E+02      1.0000E+00
      7.6008E-03      1.5930E+00      1.5732E+00      2.3145E+00      4.4725E-03      5.1118E+01      1.3024E+02      1.0000E+00
      6.7712E-03      1.8228E+00      1.7156E+00      2.6879E+00      3.5364E-03      4.4686E+01      1.3201E+02      1.0000E+00
      3.1805E-03      1.0623E+00      1.0144E+00      1.1807E+00      2.8114E-03      8.4677E+01      9.7746E+01      1.0000E+00
      1.6306E-02      1.1625E+00      1.0444E+00      1.2890E+00      1.3825E-02      7.6729E+01      1.0585E+02      1.0000E+00
      2.2573E-02      1.0391E+00      1.0069E+00      1.0585E+00      2.1730E-02      8.3538E+01      9.5372E+01      1.0000E+00
      1.7491E-02      1.1455E+00      1.1485E+00      1.2559E+00      1.3114E-02      7.3387E+01      1.1916E+02      1.0000E+00
      6.8883E-03      1.6033E+00      1.3893E+00      2.1847E+00      3.7724E-03      5.8236E+01      1.2930E+02      1.0000E+00
      3.3515E-03      1.1061E+00      1.0495E+00      1.1941E+00      2.9243E-03      8.0110E+01      1.0706E+02      1.0000E+00
      6.4982E-03      1.5326E+00      1.3339E+00      2.2202E+00      3.7438E-03      6.1070E+01      1.2364E+02      1.0000E+00
      6.1667E-02      1.1836E+00      1.1263E+00      1.3175E+00      4.3354E-02      7.8162E+01      1.1739E+02      1.0000E+00
      8.6141E-02      1.0405E+00      1.0116E+00      1.0589E+00      8.2889E-02      8.1420E+01      9.7417E+01      1.0000E+00
      6.1195E-02      1.1716E+00      1.0545E+00      1.3631E+00      4.9380E-02      7.7646E+01      1.0654E+02      1.0000E+00
      2.4522E-02      1.4882E+00      1.3627E+00      2.0655E+00      1.4880E-02      5.8667E+01      1.2571E+02      1.0000E+00
      1.5559E-02      1.2020E+00      1.0823E+00      1.3752E+00      1.1808E-02      7.9985E+01      1.1189E+02      1.0000E+00
      2.6999E-02      1.5597E+00      1.2640E+00      2.0677E+00      1.6975E-02      5.9787E+01      1.2240E+02      1.0000E+00
      9.1227E-02      1.5460E+00      1.4436E+00      2.0823E+00      5.2905E-02      5.5611E+01      1.3051E+02      1.0000E+00
      5.3868E-02      1.1056E+00      1.0365E+00      1.2045E+00      4.3595E-02      8.3322E+01      1.0525E+02      1.0000E+00
      9.8147E-02      1.4141E+00      1.3241E+00      2.0020E+00      5.7897E-02      6.3749E+01      1.2424E+02      1.0000E+00
      1.5355E-03      1.6217E+00      2.6222E+00      2.6267E+00      4.4638E-04      5.4480E+01      1.5215E+02      1.0000E+00
      5.2625E-04      1.1259E+00      1.0564E+00      1.1954E+00      4.9919E-04      7.5924E+01      1.0690E+02      1.0000E+00
      8.1588E-04      1.8427E+00      1.7423E+00      1.8222E+00      5.4086E-04      3.5043E+01      1.3193E+02      1.0000E+00
      1.8178E-04      1.7900E+00      2.2423E+00      2.9380E+00      8.8656E-05      3.8985E+01      1.3447E+02      1.0000E+00
      5.1959E-02      1.3455E+00      1.1499E+00      1.4787E+00      4.1186E-02      6.3976E+01      1.1718E+02      1.0000E+00
      1.2546E-02      1.3556E+00      1.6525E+00      1.5202E+00      6.4826E-03      6.3100E+01      1.4199E+02      1.0000E+00
      2.5040E-02      1.3117E+00      1.1745E+00      1.4175E+00      1.8510E-02      6.5749E+01      1.2139E+02      1.0000E+00
      7.2406E-02      1.1116E+00      1.0245E+00      1.1761E+00      6.7370E-02      7.9339E+01      9.8974E+01      1.0000E+00
      8.6106E-02      1.1359E+00      1.0256E+00      1.2449E+00      7.7018E-02      7.9424E+01      9.6478E+01      1.0000E+00
      5.1536E-02      1.1822E+00      1.1119E+00      1.5129E+00      3.6994E-02      7.7544E+01      1.1155E+02      1.0000E+00
      6.3095E-02      1.1584E+00      1.0346E+00      1.2727E+00      5.3862E-02      7.6729E+01      9.7720E+01      1.0000E+00
      1.3058E-01      1.6042E+00      1.3033E+00      1.8739E+00      9.4617E-02      5.5989E+01      1.2172E+02      1.0000E+00
      5.3742E-02      1.5410E+00      2.0107E+00      1.6978E+00      2.3829E-02      5.5003E+01      1.4925E+02      1.0000E+00
      2.1975E-02      1.2249E+00      1.2589E+00      1.5462E+00      1.6410E-02      6.2798E+01      1.2084E+02      1.0000E+00
      8.8074E-03      1.5006E+00      1.4114E+00      2.2717E+00      5.3188E-03      5.4557E+01      1.0612E+02      1.0000E+00
      3.1473E-02      1.4123E+00      1.4601E+00      2.2306E+00      1.7711E-02      5.4001E+01      1.1429E+02      1.0000E+00
      9.8403E-03      1.4151E+00      1.5578E+00      2.1447E+00      5.5412E-03      7.1821E+01      1.2964E+02      1.0000E+00
      4.9159E-02      1.4658E+00      1.3288E+00      1.5303E+00      3.0951E-02      6.0701E+01      1.3119E+02      1.0000E+00
      3.3797E-02      1.1344E+00      1.1628E+00      1.4595E+00      2.6278E-02      7.1621E+01      1.1292E+02      1.0000E+00
      2.5975E-02      1.2969E+00      1.1171E+00      1.6150E+00      1.5877E-02      6.6104E+01      1.1191E+02      1.0000E+00
      1.9703E-02      1.2372E+00      1.1569E+00      1.4619E+00      1.3754E-02      7.1949E+01      1.1906E+02      1.0000E+00
      1.8258E-02      1.1242E+00      1.0189E+00      1.2133E+00      1.6006E-02      8.1107E+01      9.5572E+01      1.0000E+00
      1.0856E-02      1.2704E+00      1.2090E+00      1.7573E+00      7.4149E-03      6.3556E+01      1.0582E+02      1.0000E+00
      1.4447E-02      1.3827E+00      1.4363E+00      1.5599E+00      7.3005E-03      6.7797E+01      1.3587E+02      1.0000E+00
      2.3260E-02      1.4644E+00      1.2836E+00      1.4939E+00      1.9468E-02      5.6188E+01      1.2769E+02      1.0000E+00
      5.6420E-02      1.7288E+00      1.4551E+00      2.6330E+00      2.3684E-02      4.6935E+01      1.1791E+02      1.0000E+00
      1.8926E-01      1.3388E+00      1.1292E+00      1.5025E+00      1.4500E-01      6.7499E+01      1.1537E+02      1.0000E+00
      2.6562E-01      1.1075E+00      1.0209E+00      1.1515E+00      2.4683E-01      8.0360E+01      9.8859E+01      1.0000E+00
      1.7673E-01      1.2570E+00      1.1223E+00      1.4939E+00      1.0800E-01      7.1296E+01      1.1699E+02      1.0000E+00
      1.8394E-01      1.1935E+00      1.1769E+00      1.4437E+00      1.2824E-01      7.2281E+01      1.1981E+02      1.0000E+00
      1.8396E-01      1.3041E+00      1.1406E+00      1.6827E+00      1.1880E-01      6.5411E+01      1.0662E+02      1.0000E+00
      1.1448E-01      1.3154E+00      1.1072E+00      1.5489E+00      9.0227E-02      7.6925E+01      1.0402E+02      1.0000E+00
      1.2429E-01      1.2285E+00      1.0861E+00      1.5100E+00      1.1346E-01      8.5270E+01      9.4734E+01      1.0000E+00
      1.1953E-01      1.3519E+00      1.1422E+00      1.4447E+00      9.4567E-02      6.9297E+01      1.1451E+02      1.0000E+00
      1.7643E-01      1.4535E+00      1.2954E+00      1.8582E+00      1.0677E-01      6.2195E+01      1.2647E+02      1.0000E+00
      1.4707E-01      1.6171E+00      1.3613E+00      1.9951E+00      7.5491E-02      6.1673E+01      1.3192E+02      1.0000E+00
      8.0218E-02      1.5223E+00      1.2706E+00      1.6977E+00      5.7258E-02      5.6112E+01      1.2594E+02      1.0000E+00
      7.5996E-02      1.4324E+00      1.1961E+00      1.7948E+00      5.8048E-02      7.5766E+01      1.0750E+02      1.0000E+00
      5.5553E-02      1.2249E+00      1.0820E+00      1.3660E+00      5.0913E-02      7.5808E+01      1.0674E+02      1.0000E+00
      3.8105E-02      1.1687E+00      1.1684E+00      1.4202E+00      2.8944E-02      6.9378E+01      1.1720E+02      1.0000E+00
      3.7532E-02      1.4188E+00      1.8427E+00      2.4280E+00      1.5332E-02      7.0269E+01      1.3760E+02      1.0000E+00
      2.9920E-02      1.6301E+00      1.3842E+00      2.1803E+00      2.2585E-02      5.3216E+01      1.1794E+02      1.0000E+00
      2.6706E-02      1.5401E+00      1.4422E+00      1.6958E+00      1.9174E-02      5.7156E+01      1.3282E+02      1.0000E+00
      3.4370E-02      1.3305E+00      1.2513E+00      1.5211E+00      2.5825E-02      5.3050E+01      1.1849E+02      1.0000E+00
      5.3537E-02      1.4800E+00      2.3578E+00      1.8119E+00      1.9182E-02      5.9357E+01      1.5318E+02      1.0000E+00
      1.0078E-01      1.1724E+00      1.0422E+00      1.3267E+00      9.7688E-02      8.6437E+01      9.4198E+01      1.0000E+00
      7.6148E-02      1.2624E+00      1.1056E+00      1.4451E+00      5.7409E-02      7.5881E+01      1.1441E+02      1.0000E+00
      1.0258E-01      1.5243E+00      1.1990E+00      1.9778E+00      6.6469E-02      6.1665E+01      1.1554E+02      1.0000E+00
      1.6012E-01      1.4244E+00      1.3857E+00      2.4445E+00      8.9237E-02      6.4145E+01      1.1209E+02      1.0000E+00
      7.6527E-02      1.6424E+00      1.3421E+00      2.1032E+00      3.9654E-02      4.9268E+01      1.1220E+02      1.0000E+00
      2.4312E-02      1.4521E+00      1.4610E+00      1.3047E+00      1.7277E-02      5.2416E+01      1.3681E+02      1.0000E+00
      2.5894E-02      1.9092E+00      1.5020E+00      2.3684E+00      1.8023E-02      5.1991E+01      1.2578E+02      1.0000E+00
      5.1904E-02      1.7571E+00      1.4438E+00      2.4457E+00      4.1296E-02      6.7562E+01      1.0860E+02      1.0000E+00
      7.5149E-02      1.5879E+00      1.3273E+00      1.9256E+00      7.1194E-02      6.1692E+01      1.1694E+02      1.0000E+00
      8.2867E-02      1.5198E+00      1.3184E+00      1.5951E+00      7.6696E-02      5.4570E+01      1.2595E+02      1.0000E+00
      7.0858E-02      1.4512E+00      1.3189E+00      1.3834E+00      6.3360E-02      5.0463E+01      1.2932E+02      1.0000E+00
      5.2427E-02      1.3645E+00      1.3118E+00      1.2516E+00      4.6337E-02      5.0777E+01      1.2949E+02      1.0000E+00
      3.4510E-02      1.3269E+00      1.3087E+00      1.3089E+00      2.9502E-02      5.2378E+01      1.2836E+02      1.0000E+00
      2.2830E-02      1.2815E+00      1.4091E+00      1.1743E+00      1.7975E-02      5.4482E+01      1.3439E+02      1.0000E+00
      9.9055E-03      1.6132E+00      1.5001E+00      2.3807E+00      5.4014E-03      4.9063E+01      1.2276E+02      1.0000E+00
      4.9042E-03      1.4677E+00      1.2539E+00      1.5840E+00      3.8337E-03      6.1150E+01      1.2374E+02      1.0000E+00
      5.1429E-03      1.4034E+00      1.1781E+00      1.6105E+00      4.2827E-03      7.1270E+01      1.1185E+02      1.0000E+00
      1.9109E-03      1.5322E+00      4.3090E+00      2.3849E+00      3.3178E-04      5.8980E+01      1.6389E+02      1.0000E+00
      8.7574E-04      1.8636E+00      1.6953E+00      1.8379E+00      6.1837E-04      3.6535E+01      1.3836E+02      1.0000E+00
      8.2306E-04      2.1002E+00      1.8654E+00      1.5835E+00      7.4967E-04      3.4465E+01      1.4636E+02      1.0000E+00
      7.6343E-04      2.0865E+00      2.0171E+00      2.3954E+00      6.2613E-04      4.8966E+01      1.3642E+02      1.0000E+00
      6.3596E-04      2.1553E+00      1.8079E+00      3.1024E+00      5.4980E-04      7.1295E+01      1.1019E+02      1.0000E+00
      1.0921E-03      2.1623E+00      3.3942E+00      1.6554E+00      4.4466E-04      3.2258E+01      1.6286E+02      1.0000E+00
      3.3490E-03      1.1960E+00      1.1657E+00      1.1576E+00      3.1760E-03      6.0182E+01      1.1988E+02      1.0000E+00
      5.6742E-03      1.3609E+00      1.1826E+00      1.5825E+00      4.7585E-03      6.9432E+01      1.1634E+02      1.0000E+00
      9.7610E-03      1.5267E+00      1.3040E+00      2.1391E+00      7.6899E-03      7.1610E+01      1.0105E+02      1.0000E+00
      1.6858E-02      1.7246E+00      1.5050E+00      2.3350E+00      1.2942E-02      5.0918E+01      1.2038E+02      1.0000E+00
      2.9535E-02      1.8941E+00      1.7597E+00      2.0586E+00      2.2395E-02      3.8778E+01      1.3370E+02      1.0000E+00
      5.5868E-02      1.7992E+00      1.9652E+00      1.6150E+00      4.2324E-02      3.5143E+01      1.4536E+02      1.0000E+00
      1.4028E-01      1.6668E+00      1.9099E+00      1.6189E+00      7.2632E-02      4.6241E+01      1.4805E+02      1.0000E+00
      1.1871E-01      2.1716E+00      2.5314E+00      1.4404E+00      8.1251E-02      2.8996E+01      1.5577E+02      1.0000E+00
      1.1297E-01      1.8657E+00      1.5627E+00      2.2637E+00      9.0812E-02      4.7798E+01      1.3294E+02      1.0000E+00
      1.7062E-01      1.5237E+00      1.4161E+00      2.3628E+00      1.3204E-01      8.0466E+01      1.0931E+02      1.0000E+00
      1.8469E-01      1.4664E+00      1.4190E+00      2.1000E+00      1.4004E-01      7.2387E+01      1.1834E+02      1.0000E+00
      1.8131E-01      1.4546E+00      1.5189E+00      1.6128E+00      1.3141E-01      5.8054E+01      1.3441E+02      1.0000E+00
      1.8997E-01      1.4766E+00      1.9333E+00      1.4643E+00      1.1807E-01      4.5825E+01      1.4627E+02      1.0000E+00
      1.2897E-01      1.7459E+00      2.2535E+00      1.7618E+00      5.2990E-02      4.5485E+01      1.5329E+02      1.0000E+00
      4.5812E-02      1.7952E+00      1.8408E+00      2.5637E+00      2.4963E-02      3.8675E+01      1.2665E+02      1.0000E+00
      3.7090E-02      1.6120E+00      1.5285E+00      2.1851E+00      2.4962E-02      6.4096E+01      1.2857E+02      1.0000E+00
      3.1431E-02      1.3984E+00      1.4200E+00      2.1028E+00      2.3907E-02      6.8983E+01      1.1478E+02      1.0000E+00
      1.1647E-02      1.7245E+00      2.1750E+00      1.4857E+00      5.7943E-03      4.3979E+01      1.5257E+02      1.0000E+00
      8.4827E-03      1.8523E+00      1.5172E+00      2.4399E+00      6.6013E-03      4.8041E+01      1.2729E+02      1.0000E+00
      8.0135E-03      1.8688E+00      1.5530E+00      2.5843E+00      6.7876E-03      7.3056E+01      1.0918E+02      1.0000E+00
      9.1390E-03      1.7123E+00      2.3656E+00      1.4938E+00      4.9311E-03      4.3043E+01      1.5383E+02      1.0000E+00
      2.0213E-02      1.3157E+00      1.3994E+00      1.2543E+00      1.5572E-02      5.3754E+01      1.3375E+02      1.0000E+00
      3.8073E-02      1.4146E+00      1.3324E+00      1.4800E+00      2.9236E-02      4.8657E+01      1.2008E+02      1.0000E+00
      3.9488E-02      1.3029E+00      1.4335E+00      1.3896E+00      2.2244E-02      6.6007E+01      1.3576E+02      1.0000E+00
      1.9279E-02      1.4105E+00      1.6233E+00      1.4957E+00      1.2573E-02      5.0325E+01      1.3962E+02      1.0000E+00
      8.8587E-03      1.6346E+00      1.5659E+00      2.3430E+00      5.5586E-03      4.6824E+01      1.1782E+02      1.0000E+00
      8.3064E-03      1.3726E+00      1.6987E+00      1.9467E+00      4.7960E-03      6.1746E+01      1.3476E+02      1.0000E+00
      1.0058E-02      1.2880E+00      1.1041E+00      1.5407E+00      7.5099E-03      7.7008E+01      1.0769E+02      1.0000E+00
      5.7344E-03      1.0992E+00      1.0574E+00      1.3162E+00      4.7107E-03      8.0108E+01      1.0477E+02      1.0000E+00
      3.6628E-03      1.0510E+00      1.0219E+00      1.1899E+00      3.3462E-03      8.3727E+01      9.6847E+01      1.0000E+00
      3.0605E-03      1.0832E+00      1.0136E+00      1.1541E+00      2.7587E-03      8.1009E+01      9.5731E+01      1.0000E+00
      3.2253E-03      1.2881E+00      1.1667E+00      1.6754E+00      2.3924E-03      6.6680E+01      1.1392E+02      1.0000E+00
      1.3145E-03      1.8873E+00      2.2106E+00      2.8987E+00      5.4335E-04      4.4188E+01      1.4449E+02      1.0000E+00
      5.5321E-04      1.2129E+00      1.0620E+00      1.3326E+00      5.1033E-04      7.7282E+01      1.0293E+02      1.0000E+00
      2.7594E-04      1.5102E+00      2.7069E+00      1.5369E+00      1.1470E-04      4.6100E+01      1.5662E+02      1.0000E+00
      1.3817E-04      1.7480E+00      1.8857E+00      2.5146E+00      9.4651E-05      4.6685E+01      1.2945E+02      1.0000E+00
      2.4122E-04      1.9777E+00      1.7970E+00      2.2048E+00      1.3382E-04      4.8503E+01      1.4316E+02      1.0000E+00
      6.7543E-04      1.5060E+00      1.4533E+00      1.4179E+00      4.7386E-04      5.2710E+01      1.3640E+02      1.0000E+00
      1.7206E-03      1.2294E+00      1.2797E+00      1.3442E+00      1.3626E-03      5.8873E+01      1.2589E+02      1.0000E+00
      3.4502E-03      1.3101E+00      1.1479E+00      1.5336E+00      3.2600E-03      6.9312E+01      1.0788E+02      1.0000E+00
      3.9337E-03      1.7768E+00      1.5270E+00      2.3755E+00      2.6418E-03      6.6298E+01      1.2245E+02      1.0000E+00
      6.8795E-03      2.0540E+00      2.0552E+00      3.3800E+00      3.7386E-03      3.8970E+01      1.2113E+02      1.0000E+00
      1.8482E-02      1.7869E+00      2.0608E+00      1.8670E+00      1.2848E-02      3.7597E+01      1.4434E+02      1.0000E+00
      5.1327E-02      1.7572E+00      1.9044E+00      1.8619E+00      2.8404E-02      4.2607E+01      1.4609E+02      1.0000E+00
      1.4830E-01      1.4088E+00      1.6096E+00      1.5361E+00      7.2955E-02      6.2386E+01      1.4152E+02      1.0000E+00
      1.2954E-01      1.6756E+00      1.7610E+00      1.5996E+00      9.9649E-02      3.8699E+01      1.4131E+02      1.0000E+00
      1.2535E-01      1.4425E+00      1.2782E+00      1.5179E+00      8.8225E-02      5.8290E+01      1.2820E+02      1.0000E+00
      9.3621E-02      1.9328E+00      1.7399E+00      1.7684E+00      7.5666E-02      3.6019E+01      1.4109E+02      1.0000E+00
      9.1261E-02      1.8821E+00      1.7946E+00      2.8999E+00      4.4325E-02      6.4695E+01      1.3337E+02      1.0000E+00
      8.6239E-02      1.9990E+00      2.2440E+00      4.0264E+00      4.8217E-02      5.0261E+01      1.1143E+02      1.0000E+00
      1.0080E-01      2.2693E+00      2.1806E+00      3.2979E+00      6.2831E-02      3.5693E+01      1.3094E+02      1.0000E+00
      1.0316E-01      2.0741E+00      1.6612E+00      2.1938E+00      5.9818E-02      4.8900E+01      1.3614E+02      1.0000E+00
      6.6547E-02      1.7461E+00      1.7681E+00      1.6138E+00      4.2833E-02      4.2234E+01      1.4521E+02      1.0000E+00
      9.8800E-02      1.4254E+00      1.2398E+00      1.7519E+00      8.2657E-02      6.9512E+01      1.1683E+02      1.0000E+00
      6.8080E-02      1.6033E+00      1.6991E+00      2.1817E+00      3.1928E-02      6.3053E+01      1.3982E+02      1.0000E+00
      4.9572E-02      1.4615E+00      1.3076E+00      1.7012E+00      3.3357E-02      5.0088E+01      1.1546E+02      1.0000E+00
      5.2952E-02      1.2859E+00      1.1413E+00      1.3628E+00      5.1060E-02      6.6710E+01      1.1429E+02      1.0000E+00
      3.2039E-02      1.5915E+00      1.3457E+00      2.0401E+00      2.0927E-02      7.0073E+01      1.2074E+02      1.0000E+00
      2.8738E-02      1.2905E+00      1.4025E+00      1.3090E+00      2.0574E-02      6.0089E+01      1.3370E+02      1.0000E+00
      4.8105E-02      1.3218E+00      1.2123E+00      1.3468E+00      4.0071E-02      5.6005E+01      1.2003E+02      1.0000E+00
      4.1367E-02      1.2359E+00      1.1209E+00      1.7008E+00      2.9636E-02      7.6311E+01      1.0679E+02      1.0000E+00
      5.3840E-02      1.3179E+00      1.3675E+00      2.0302E+00      3.4550E-02      6.3418E+01      1.1872E+02      1.0000E+00
      1.0364E-01      1.3524E+00      1.1258E+00      1.4939E+00      8.6137E-02      7.1555E+01      1.0920E+02      1.0000E+00
      8.3447E-02      1.2381E+00      1.1001E+00      1.4516E+00      6.6640E-02      7.7541E+01      1.1191E+02      1.0000E+00
      1.2509E-01      1.4084E+00      1.2812E+00      1.9848E+00      8.1561E-02      6.2169E+01      1.1970E+02      1.0000E+00
      1.1540E-01      1.4944E+00      1.3645E+00      1.7657E+00      7.2906E-02      5.6453E+01      1.3072E+02      1.0000E+00
      7.9959E-02      1.1818E+00      1.1236E+00      1.2706E+00      6.2497E-02      7.3722E+01      1.1696E+02      1.0000E+00
      5.9222E-02      1.3853E+00      1.2052E+00      1.8668E+00      3.3139E-02      6.9385E+01      1.2149E+02      1.0000E+00
      3.9705E-02      1.3314E+00      1.1343E+00      1.4784E+00      2.8334E-02      7.1783E+01      1.1783E+02      1.0000E+00
      4.6122E-02      1.1126E+00      1.0167E+00      1.1999E+00      4.4287E-02      8.6242E+01      9.3045E+01      1.0000E+00
      4.2570E-02      1.3582E+00      1.1491E+00      1.6023E+00      3.0458E-02      6.6831E+01      1.1796E+02      1.0000E+00
      2.1174E-02      1.4509E+00      1.2452E+00      2.0112E+00      1.2449E-02      5.7207E+01      1.1144E+02      1.0000E+00
      2.3879E-02      1.5076E+00      1.2827E+00      2.2138E+00      1.3718E-02      5.8857E+01      1.1437E+02      1.0000E+00
      5.1683E-02      1.2861E+00      1.1315E+00      1.4257E+00      3.9654E-02      6.7645E+01      1.1727E+02      1.0000E+00
      5.3024E-02      1.0805E+00      1.0257E+00      1.1776E+00      5.1077E-02      8.1601E+01      9.9087E+01      1.0000E+00
      4.1058E-02      1.3459E+00      1.2624E+00      1.4312E+00      2.7005E-02      6.5319E+01      1.2761E+02      1.0000E+00
      5.2683E-02      1.3783E+00      1.1213E+00      1.6629E+00      3.4137E-02      6.9539E+01      1.1276E+02      1.0000E+00
